%YAML:1.0
---
K: !!opencv-matrix
   rows: 3
   cols: 3
   dt: d
   data: [ 3.1716511698395962e+03, 0., 2.0091017371235848e+03, 0.,
       3.1585337208370370e+03, 1.5142329545384991e+03, 0., 0., 1. ]
D: !!opencv-matrix
   rows: 1
   cols: 5
   dt: d
   data: [ -3.8874808830912105e-01, 2.2410388237878340e-01,
       1.5331214854020491e-02, 4.8586568754989149e-03,
       -1.1052029710497581e-01 ]
board_width: 7
board_height: 5
square_size: 2.8700000762939453e+01
