%YAML:1.0
---
source: made_with_TestImgsCamPos
K: !!opencv-matrix
   rows: 3
   cols: 3
   dt: d
   data: [ 3.1875481745376701e+03, 0., 2.0193279904032545e+03, 0.,
       3.1745530642891767e+03, 1.5106107982615169e+03, 0., 0., 1. ]
D: !!opencv-matrix
   rows: 1
   cols: 5
   dt: d
   data: [ -3.9412048470556282e-01, 2.3243018062881590e-01,
       1.5872385874635585e-02, 4.4780148071919476e-03,
       -1.1758862672624019e-01 ]
stdInt: !!opencv-matrix
   rows: 18
   cols: 1
   dt: d
   data: [ 4.9079846607969463e-01, 3.5937683171650425e-01,
       6.0445696896399612e+00, 8.3366435077523864e+00,
       2.0880059680076783e-03, 6.1837414521690353e-03,
       6.2799296116632596e-04, 4.0609575181301081e-04,
       6.0581604474137137e-03, 0., 0., 0., 0., 0., 0., 0., 0., 0. ]
stdEx: !!opencv-matrix
   rows: 1380
   cols: 1
   dt: d
   data: [ 1.1033602909173482e-03, 1.3226425619221325e-03,
       3.1208913503914543e-04, 1.4724287572993678e-03,
       2.0743556061366404e-03, 3.3982977372842149e-04,
       1.2380217997103038e-03, 1.3620917316810818e-03,
       2.7784172310176008e-04, 1.4858499590752398e-03,
       2.0709673776268447e-03, 3.7889723384494211e-04,
       1.1759611875879151e-03, 1.3205348168224872e-03,
       3.2806507905790166e-04, 1.4750371408887237e-03,
       2.0714196630726182e-03, 3.0889567936890483e-04,
       1.1337199152818944e-03, 1.3050876263776797e-03,
       3.2716723591967746e-04, 1.4731451173645466e-03,
       2.0735650570955656e-03, 3.2076009118054625e-04,
       1.1110011141473328e-03, 1.3070867582433588e-03,
       3.3038215638829852e-04, 1.4718389608375131e-03,
       2.0757020177740535e-03, 3.3632543278952975e-04,
       1.3970212908309858e-03, 1.4799816614608074e-03,
       3.1742028971719284e-04, 1.4797103462693762e-03,
       2.0662475532234304e-03, 3.0083184084578991e-04,
       1.2931244719011973e-03, 1.4076380979994075e-03,
       3.1052799521288899e-04, 1.4758067613002274e-03,
       2.0659339737679771e-03, 3.0385944859676842e-04,
       1.2121472335892090e-03, 1.3663301973457437e-03,
       3.0725002593210451e-04, 1.4735867214318906e-03,
       2.0684603828042443e-03, 3.1283908025295291e-04,
       1.1457108519885174e-03, 1.3363992204838216e-03,
       3.0771599372011972e-04, 1.4723150607559448e-03,
       2.0711515304527349e-03, 3.2462112353836881e-04,
       1.5644036316721651e-03, 1.5849498216586333e-03,
       2.9284743577947408e-04, 1.4789060539389415e-03,
       2.0626829914658852e-03, 3.1139079975136023e-04,
       1.1031460520826361e-03, 1.3220356115777798e-03,
       3.1201451378514350e-04, 1.4724040001099176e-03,
       2.0743597264299561e-03, 3.3995931270331743e-04,
       1.5657373075721134e-03, 1.5856215592079293e-03,
       2.9282489658570955e-04, 1.4787901765292162e-03,
       2.0625512605450189e-03, 3.1159193436022993e-04,
       1.4050592555801161e-03, 1.4848369083388900e-03,
       2.8800481505502788e-04, 1.4748386570514753e-03,
       2.0631026894230358e-03, 3.1549282529786977e-04,
       1.2783280767944534e-03, 1.4165718241833309e-03,
       2.8721456182439467e-04, 1.4728070309926330e-03,
       2.0656382536088989e-03, 3.2300328393877189e-04,
       1.1860055641104168e-03, 1.3686299041354257e-03,
       2.9024570307748264e-04, 1.4726719656843132e-03,
       2.0689621694775467e-03, 3.3392174872377871e-04,
       1.1269633919471775e-03, 1.3426000055555311e-03,
       2.9666630281513523e-04, 1.4744761924476602e-03,
       2.0731598647904365e-03, 3.4867472377064237e-04,
       1.7769880222514957e-03, 1.7043162176905845e-03,
       2.6458809783244528e-04, 1.4782220595024825e-03,
       2.0604469684811959e-03, 3.3173892315046285e-04,
       1.5417517457008471e-03, 1.5622548378926885e-03,
       2.6457865645145690e-04, 1.4749836109053068e-03,
       2.0616169842780996e-03, 3.3307946796458642e-04,
       1.3712820816129828e-03, 1.4657507916225234e-03,
       2.6824049759772517e-04, 1.4741805108845246e-03,
       2.0645254555005659e-03, 3.3838989250447861e-04,
       1.2514622729378536e-03, 1.3984422603902937e-03,
       2.7539018549821534e-04, 1.4754566808485097e-03,
       2.0678651318926525e-03, 3.4749147230889437e-04,
       1.4034995098246462e-03, 1.4830462192371818e-03,
       2.8800969619458634e-04, 1.4748346027300015e-03,
       2.0631025319562441e-03, 3.1541518366469249e-04,
       1.1726765310717741e-03, 1.3550922105165977e-03,
       2.8510046434888475e-04, 1.4783289212471089e-03,
       2.0715202991971006e-03, 3.6135020326460889e-04,
       1.9963480050700718e-03, 1.8265963067848386e-03,
       2.3404935932752854e-04, 1.4802945990023196e-03,
       2.0613154483187439e-03, 3.5434085850879658e-04,
       1.6756068597628846e-03, 1.6244680874175220e-03,
       2.4238853729252935e-04, 1.4781676757731530e-03,
       2.0617196250956303e-03, 3.5269888103588631e-04,
       1.4677094908016823e-03, 1.4977711750712433e-03,
       2.5278103166067022e-04, 1.4787037992656253e-03,
       2.0638604772511434e-03, 3.5597371601137328e-04,
       1.3311954770107172e-03, 1.4173104010049848e-03,
       2.6486896992722759e-04, 1.4816975416926715e-03,
       2.0674559754233742e-03, 3.6437266290550383e-04,
       1.2382486800592556e-03, 1.3625363111162878e-03,
       2.7784653378800522e-04, 1.4856993180554663e-03,
       2.0707984716072970e-03, 3.7871374168809080e-04,
       1.1752826543422593e-03, 1.3197611054451325e-03,
       3.2802586925092159e-04, 1.4750103762681667e-03,
       2.0714106857955940e-03, 3.0890536876724802e-04,
       1.1337736755712899e-03, 1.3049179306005040e-03,
       3.2713463701511262e-04, 1.4730750664673142e-03,
       2.0734955267498307e-03, 3.2079369062949201e-04,
       1.2766449570917047e-03, 1.4130962832551441e-03,
       2.8713208850235356e-04, 1.4726295109375191e-03,
       2.0654503143884085e-03, 3.2310972096544498e-04,
       1.1114872922196712e-03, 1.3083506566598055e-03,
       3.3050767866800202e-04, 1.4722423677275285e-03,
       2.0761476442814650e-03, 3.3622235806029388e-04,
       1.4001623270746900e-03, 1.4815793546607699e-03,
       3.1755813697030615e-04, 1.4797823326311193e-03,
       2.0663654284424093e-03, 3.0128478431492493e-04,
       1.2979360363267872e-03, 1.4117211863049082e-03,
       3.1068178230282494e-04, 1.4760101075557948e-03,
       2.0661895335953853e-03, 3.0422435375662970e-04,
       1.2098281831051045e-03, 1.3641997623944711e-03,
       3.0722635194011617e-04, 1.4733306089322884e-03,
       2.0680694014020939e-03, 3.1258528128200148e-04,
       1.1442588331116066e-03, 1.3336689828470369e-03,
       3.0760466334640542e-04, 1.4720750844918202e-03,
       2.0708982223224368e-03, 3.2473487172913438e-04,
       1.1029103294547763e-03, 1.3208787790580788e-03,
       3.1187485167962105e-04, 1.4721259783386782e-03,
       2.0740797444807656e-03, 3.4014202827323243e-04,
       1.5640003354772845e-03, 1.5831438840990082e-03,
       2.9267698574609436e-04, 1.4786563077995589e-03,
       2.0624367742731885e-03, 3.1170148120958547e-04,
       1.4043150858655928e-03, 1.4826088457315712e-03,
       2.8788310986100490e-04, 1.4748004049190289e-03,
       2.0631540108695398e-03, 3.1574140248886035e-04,
       1.2775055710791937e-03, 1.4154826414888898e-03,
       2.8721731991677730e-04, 1.4726191073646218e-03,
       2.0653427023573970e-03, 3.2285333895737764e-04,
       1.1857866443794223e-03, 1.3676096566706819e-03,
       2.9017423836337556e-04, 1.4726875741461040e-03,
       2.0690282365426037e-03, 3.3409866944178528e-04,
       1.1856886875761456e-03, 1.3678412607528606e-03,
       2.9025268153679722e-04, 1.4727374896620880e-03,
       2.0690527141871990e-03, 3.3398384374468696e-04,
       1.1251605259668216e-03, 1.3393396047053599e-03,
       2.9670361270840007e-04, 1.4741914022637695e-03,
       2.0726924091110971e-03, 3.4869393801607537e-04,
       1.7792288009269466e-03, 1.7062925630786597e-03,
       2.6462355972898486e-04, 1.4784168423653556e-03,
       2.0607356004771200e-03, 3.3192587400402806e-04,
       1.5413262317544225e-03, 1.5606507131835923e-03,
