%YAML:1.0
---
K: !!opencv-matrix
   rows: 3
   cols: 3
   dt: d
   data: [ 3.9645332586877698e+03, 0., 2.0485682861739438e+03, 0.,
       3.9624991585361322e+03, 1.6925057965284973e+03, 0., 0., 1. ]
D: !!opencv-matrix
   rows: 1
   cols: 5
   dt: d
   data: [ -5.0797876419535959e-01, 3.1715753355802900e-01,
       6.1481685088439676e-05, -2.2157550612923954e-03,
       -1.3685124990132130e-01 ]
board_width: 8
board_height: 6
square_size: 1.9999999552965164e-02
reprojection_error: 1.3783757596417939e-01
