%YAML:1.0
---
doFs:
   - !!opencv-matrix
      rows: 1
      cols: 6
      dt: f
      data: [ -1.93050459e-01, 2.15131044e-01, 7.82668650e-01,
          -1.85322352e-02, -2.62292270e-02, -6.50481656e-02 ]
   - !!opencv-matrix
      rows: 1
      cols: 6
      dt: f
      data: [ -1.43064350e-01, 2.15530843e-01, 7.82558680e-01,
          -1.89669896e-02, -2.51782443e-02, -6.48844913e-02 ]
   - !!opencv-matrix
      rows: 1
      cols: 6
      dt: f
      data: [ -9.27746221e-02, 2.15868026e-01, 7.82460034e-01,
          -1.88467335e-02, -2.41173208e-02, -6.58274367e-02 ]
   - !!opencv-matrix
      rows: 1
      cols: 6
      dt: f
      data: [ -4.27098908e-02, 2.16345310e-01, 7.82213926e-01,
          -1.87207330e-02, -2.25217119e-02, -6.49224296e-02 ]
   - !!opencv-matrix
      rows: 1
      cols: 6
      dt: f
      data: [ 7.75704673e-03, 2.16942802e-01, 7.82054961e-01,
          -1.86549351e-02, -2.06101201e-02, -6.65221065e-02 ]
   - !!opencv-matrix
      rows: 1
      cols: 6
      dt: f
      data: [ -1.92262739e-01, 1.64946973e-01, 7.83163846e-01,
          -1.85781959e-02, -2.56615579e-02, -6.33360520e-02 ]
   - !!opencv-matrix
      rows: 1
      cols: 6
      dt: f
      data: [ -1.42291188e-01, 1.65426984e-01, 7.83036351e-01,
          -1.89849976e-02, -2.45231651e-02, -6.30091578e-02 ]
   - !!opencv-matrix
      rows: 1
      cols: 6
      dt: f
      data: [ -9.20237824e-02, 1.65819049e-01, 7.82922387e-01,
          -1.87084489e-02, -2.34912988e-02, -6.22023940e-02 ]
   - !!opencv-matrix
      rows: 1
      cols: 6
      dt: f
      data: [ -4.20005806e-02, 1.66324005e-01, 7.82650471e-01,
          -1.86537374e-02, -2.27353461e-02, -6.24976121e-02 ]
   - !!opencv-matrix
      rows: 1
      cols: 6
      dt: f
      data: [ 8.42186436e-03, 1.66881204e-01, 7.82257199e-01,
          -1.84228346e-02, -2.14596298e-02, -6.26631826e-02 ]
   - !!opencv-matrix
      rows: 1
      cols: 6
      dt: f
      data: [ -1.91349998e-01, 1.13918185e-01, 7.83599854e-01,
          -1.84817631e-02, -2.43571158e-02, -6.03734329e-02 ]
   - !!opencv-matrix
      rows: 1
      cols: 6
      dt: f
      data: [ -1.41418383e-01, 1.14478625e-01, 7.83484936e-01,
          -1.88672394e-02, -2.33554319e-02, -5.98464534e-02 ]
   - !!opencv-matrix
      rows: 1
      cols: 6
      dt: f
      data: [ -9.11620557e-02, 1.14943624e-01, 7.83406079e-01,
          -1.87120773e-02, -2.25633290e-02, -5.99110760e-02 ]
   - !!opencv-matrix
      rows: 1
      cols: 6
      dt: f
      data: [ -4.11875769e-02, 1.15475759e-01, 7.83053875e-01,
          -1.84152015e-02, -2.30322815e-02, -5.98282069e-02 ]
   - !!opencv-matrix
      rows: 1
      cols: 6
      dt: f
      data: [ 9.20048822e-03, 1.16090074e-01, 7.82778382e-01,
          -1.83632132e-02, -2.06823628e-02, -6.02748431e-02 ]
   - !!opencv-matrix
      rows: 1
      cols: 6
      dt: f
      data: [ -1.90806672e-01, 6.34595007e-02, 7.83896267e-01,
          -1.85766406e-02, -2.37894021e-02, -5.82430810e-02 ]
   - !!opencv-matrix
      rows: 1
      cols: 6
      dt: f
      data: [ -1.40866548e-01, 6.40534982e-02, 7.83698559e-01,
          -1.89237986e-02, -2.21775062e-02, -5.86084798e-02 ]
   - !!opencv-matrix
      rows: 1
      cols: 6
      dt: f
      data: [ -9.06114578e-02, 6.45650923e-02, 7.83618033e-01,
          -1.87954176e-02, -2.18103323e-02, -5.83608896e-02 ]
   - !!opencv-matrix
      rows: 1
      cols: 6
      dt: f
      data: [ -4.06860597e-02, 6.51307777e-02, 7.83275187e-01,
          -1.84947997e-02, -2.28829868e-02, -5.84877096e-02 ]
   - !!opencv-matrix
      rows: 1
      cols: 6
      dt: f
      data: [ 9.65163298e-03, 6.57488704e-02, 7.82932401e-01,
          -1.82993002e-02, -2.27693543e-02, -5.79651073e-02 ]
   - !!opencv-matrix
      rows: 1
      cols: 6
      dt: f
      data: [ -1.90366194e-01, 1.32046258e-02, 7.84108162e-01,
          -1.87818408e-02, -2.42747217e-02, -5.68317287e-02 ]
   - !!opencv-matrix
      rows: 1
      cols: 6
      dt: f
      data: [ -1.40433371e-01, 1.38508780e-02, 7.83982933e-01,
          -1.90144535e-02, -2.27846503e-02, -5.68497553e-02 ]
   - !!opencv-matrix
      rows: 1
      cols: 6
      dt: f
      data: [ -9.01548266e-02, 1.44010251e-02, 7.83757925e-01,
          -1.88613608e-02, -2.18946692e-02, -5.60502037e-02 ]
   - !!opencv-matrix
      rows: 1
      cols: 6
      dt: f
      data: [ -4.02899273e-02, 1.49919139e-02, 7.83435702e-01,
          -1.87335201e-02, -2.22808067e-02, -5.51794246e-02 ]
   - !!opencv-matrix
      rows: 1
      cols: 6
      dt: f
      data: [ 9.99905542e-03, 1.56164812e-02, 7.83089280e-01,
          -1.85238738e-02, -2.13326681e-02, -5.57089448e-02 ]
rep_err: [ 1.34344205e-01, 1.38936892e-01, 1.28942445e-01,
    1.47802547e-01, 1.33003488e-01, 1.25146016e-01, 1.23292744e-01,
    1.07775688e-01, 1.22001953e-01, 1.29234791e-01, 1.14461131e-01,
    1.15534954e-01, 1.09946661e-01, 1.26147911e-01, 1.20689005e-01,
    1.11259542e-01, 1.08511858e-01, 1.24894433e-01, 1.26192197e-01,
    1.20885961e-01, 1.00916095e-01, 1.20257117e-01, 1.06299780e-01,
    1.11671634e-01, 1.12364016e-01 ]
