%YAML:1.0
---
doFs:
   - !!opencv-matrix
      rows: 1
      cols: 6
      dt: f
      data: [ -2.26944257e-02, 2.91808844e-01, 9.41584647e-01,
          1.82484034e-02, -4.98632230e-02, -8.45212415e-02 ]
   - !!opencv-matrix
      rows: 1
      cols: 6
      dt: f
      data: [ 2.67747249e-02, 2.92218447e-01, 9.42052186e-01,
          1.64961126e-02, -3.82279120e-02, -8.36844221e-02 ]
   - !!opencv-matrix
      rows: 1
      cols: 6
      dt: f
      data: [ 7.69930705e-02, 2.92668134e-01, 9.42276776e-01,
          1.54604837e-02, -2.85934415e-02, -8.04926679e-02 ]
   - !!opencv-matrix
      rows: 1
      cols: 6
      dt: f
      data: [ 1.27003282e-01, 2.93314219e-01, 9.42077816e-01,
          1.50458571e-02, -1.99940838e-02, -7.98958763e-02 ]
   - !!opencv-matrix
      rows: 1
      cols: 6
      dt: f
      data: [ 1.77165121e-01, 2.94036329e-01, 9.41604674e-01,
          1.46854455e-02, -1.25625143e-02, -7.74065852e-02 ]
   - !!opencv-matrix
      rows: 1
      cols: 6
      dt: f
      data: [ -2.16788407e-02, 2.41871968e-01, 9.44301903e-01,
          1.67072117e-02, -4.79000136e-02, -7.54994601e-02 ]
   - !!opencv-matrix
      rows: 1
      cols: 6
      dt: f
      data: [ 2.78706960e-02, 2.42385477e-01, 9.45003748e-01,
          1.53750200e-02, -3.54376324e-02, -7.78178498e-02 ]
   - !!opencv-matrix
      rows: 1
      cols: 6
      dt: f
      data: [ 7.80641735e-02, 2.42928073e-01, 9.45178270e-01,
          1.47495167e-02, -2.48666666e-02, -7.86333159e-02 ]
   - !!opencv-matrix
      rows: 1
      cols: 6
      dt: f
      data: [ 1.27968207e-01, 2.43612021e-01, 9.44955707e-01,
          1.41362734e-02, -1.46430228e-02, -7.88228959e-02 ]
   - !!opencv-matrix
      rows: 1
      cols: 6
      dt: f
      data: [ 1.78102791e-01, 2.44356930e-01, 9.44444418e-01,
          1.38241574e-02, -6.15037512e-03, -7.69109353e-02 ]
   - !!opencv-matrix
      rows: 1
      cols: 6
      dt: f
      data: [ -2.06589364e-02, 1.91134930e-01, 9.46911871e-01,
          1.54184494e-02, -4.33515348e-02, -6.28520995e-02 ]
   - !!opencv-matrix
      rows: 1
      cols: 6
      dt: f
      data: [ 2.89284196e-02, 1.91759452e-01, 9.47682321e-01,
          1.39111616e-02, -2.92268042e-02, -6.28470927e-02 ]
   - !!opencv-matrix
      rows: 1
      cols: 6
      dt: f
      data: [ 7.91087300e-02, 1.92357421e-01, 9.47766840e-01,
          1.35167670e-02, -1.79668106e-02, -6.87204003e-02 ]
   - !!opencv-matrix
      rows: 1
      cols: 6
      dt: f
      data: [ 1.28959417e-01, 1.93120390e-01, 9.47738111e-01,
          1.30897379e-02, -7.59131089e-03, -7.12817535e-02 ]
   - !!opencv-matrix
      rows: 1
      cols: 6
      dt: f
      data: [ 1.79080263e-01, 1.93907022e-01, 9.47206974e-01,
          1.32314479e-02, 2.22704883e-04, -7.39837885e-02 ]
   - !!opencv-matrix
      rows: 1
      cols: 6
      dt: f
      data: [ -2.00629663e-02, 1.41018376e-01, 9.49617505e-01,
          1.34049291e-02, -3.56026106e-02, -4.36603166e-02 ]
   - !!opencv-matrix
      rows: 1
      cols: 6
      dt: f
      data: [ 2.95978002e-02, 1.41631156e-01, 9.50115025e-01,
          1.20835304e-02, -2.17015836e-02, -4.62291874e-02 ]
   - !!opencv-matrix
      rows: 1
      cols: 6
      dt: f
      data: [ 7.97789395e-02, 1.42315254e-01, 9.50486183e-01,
          1.19953658e-02, -9.48526617e-03, -5.62326238e-02 ]
   - !!opencv-matrix
      rows: 1
      cols: 6
      dt: f
      data: [ 1.29566208e-01, 1.43085524e-01, 9.50441480e-01,
          1.17516927e-02, 7.35395122e-04, -6.31174445e-02 ]
   - !!opencv-matrix
      rows: 1
      cols: 6
      dt: f
      data: [ 1.79635987e-01, 1.43857092e-01, 9.49707270e-01,
          1.24206962e-02, 7.30427494e-03, -6.74430728e-02 ]
   - !!opencv-matrix
      rows: 1
      cols: 6
      dt: f
      data: [ -1.95749998e-02, 9.11196172e-02, 9.51663136e-01,
          1.19320164e-02, -2.87282579e-02, -2.24622935e-02 ]
   - !!opencv-matrix
      rows: 1
      cols: 6
      dt: f
      data: [ 3.01685818e-02, 9.17996317e-02, 9.52429175e-01,
          1.08729172e-02, -1.13724982e-02, -2.80243494e-02 ]
   - !!opencv-matrix
      rows: 1
      cols: 6
      dt: f
      data: [ 8.03278759e-02, 9.24810842e-02, 9.52589154e-01,
          1.09428419e-02, -1.58564700e-03, -4.38053422e-02 ]
   - !!opencv-matrix
      rows: 1
      cols: 6
      dt: f
      data: [ 1.30068734e-01, 9.32468250e-02, 9.52666402e-01,
          1.13082724e-02, 6.12831488e-03, -5.73236607e-02 ]
   - !!opencv-matrix
      rows: 1
      cols: 6
      dt: f
      data: [ 1.80071414e-01, 9.39914733e-02, 9.51683462e-01,
          1.23068197e-02, 1.02879331e-02, -6.26413897e-02 ]
rep_err: [ 4.38753635e-01, 4.72450316e-01, 3.76124293e-01,
    3.73095304e-01, 3.97606105e-01, 4.23221111e-01, 3.44210118e-01,
    3.14989656e-01, 3.43177885e-01, 3.47625524e-01, 3.75228226e-01,
    3.30567986e-01, 3.34312618e-01, 3.23619932e-01, 3.27687234e-01,
    3.98381174e-01, 3.35497051e-01, 3.23415279e-01, 3.14715117e-01,
    3.39657009e-01, 5.01984000e-01, 4.06996489e-01, 3.91533375e-01,
    3.58761311e-01, 3.55393738e-01 ]
