%YAML:1.0
---
doFs:
   - !!opencv-matrix
      rows: 1
      cols: 6
      dt: f
      data: [ -2.23311037e-02, 2.92498171e-01, 9.51448739e-01,
          -1.55920720e+00, -3.34423706e-02, 1.91405006e-02 ]
   - !!opencv-matrix
      rows: 1
      cols: 6
      dt: f
      data: [ 2.72065513e-02, 2.92937160e-01, 9.51596141e-01,
          -1.56032944e+00, -3.57087627e-02, 1.63660925e-02 ]
   - !!opencv-matrix
      rows: 1
      cols: 6
      dt: f
      data: [ 7.74894878e-02, 2.93216944e-01, 9.51086104e-01,
          -1.56050217e+00, -3.51712815e-02, 1.46560036e-02 ]
   - !!opencv-matrix
      rows: 1
      cols: 6
      dt: f
      data: [ 1.27622992e-01, 2.93936253e-01, 9.51291978e-01,
          -1.56069291e+00, -3.74570601e-02, 1.21135851e-02 ]
   - !!opencv-matrix
      rows: 1
      cols: 6
      dt: f
      data: [ 1.77841261e-01, 2.94523984e-01, 9.50892806e-01,
          -1.56033695e+00, -3.73865366e-02, 1.08343121e-02 ]
   - !!opencv-matrix
      rows: 1
      cols: 6
      dt: f
      data: [ -2.14599352e-02, 2.42399365e-01, 9.51829016e-01,
          -1.55919278e+00, -2.90829167e-02, 1.89044029e-02 ]
   - !!opencv-matrix
      rows: 1
      cols: 6
      dt: f
      data: [ 2.81531047e-02, 2.42909208e-01, 9.52021182e-01,
          -1.55995512e+00, -3.23511586e-02, 1.54471416e-02 ]
   - !!opencv-matrix
      rows: 1
      cols: 6
      dt: f
      data: [ 7.84252658e-02, 2.43414283e-01, 9.52019453e-01,
          -1.56036341e+00, -3.39454226e-02, 1.28379585e-02 ]
   - !!opencv-matrix
      rows: 1
      cols: 6
      dt: f
      data: [ 1.28398985e-01, 2.44001955e-01, 9.51764286e-01,
          -1.56056070e+00, -3.54082286e-02, 1.06228301e-02 ]
   - !!opencv-matrix
      rows: 1
      cols: 6
      dt: f
      data: [ 1.78591967e-01, 2.44661123e-01, 9.51483727e-01,
          -1.56040239e+00, -3.69102992e-02, 8.82529654e-03 ]
   - !!opencv-matrix
      rows: 1
      cols: 6
      dt: f
      data: [ -2.05231961e-02, 1.91578522e-01, 9.52352703e-01,
          -1.55912602e+00, -2.32621823e-02, 1.69368964e-02 ]
   - !!opencv-matrix
      rows: 1
      cols: 6
      dt: f
      data: [ 2.91164629e-02, 1.92125291e-01, 9.52362955e-01,
          -1.56000495e+00, -2.54990608e-02, 1.33089693e-02 ]
   - !!opencv-matrix
      rows: 1
      cols: 6
      dt: f
      data: [ 7.93658495e-02, 1.92716137e-01, 9.52507675e-01,
          -1.56031919e+00, -3.10632922e-02, 1.03393300e-02 ]
   - !!opencv-matrix
      rows: 1
      cols: 6
      dt: f
      data: [ 1.29247949e-01, 1.93372428e-01, 9.52361226e-01,
          -1.56049418e+00, -3.30252983e-02, 8.67742114e-03 ]
   - !!opencv-matrix
      rows: 1
      cols: 6
      dt: f
      data: [ 1.79477975e-01, 1.94133416e-01, 9.52540398e-01,
          -1.56031168e+00, -3.79643999e-02, 5.54016745e-03 ]
   - !!opencv-matrix
      rows: 1
      cols: 6
      dt: f
      data: [ -1.99828148e-02, 1.41275421e-01, 9.52832699e-01,
          -1.55876851e+00, -1.61128473e-02, 1.94163751e-02 ]
   - !!opencv-matrix
      rows: 1
      cols: 6
      dt: f
      data: [ 2.97178272e-02, 1.41885519e-01, 9.52920914e-01,
          -1.56016147e+00, -2.35420279e-02, 1.25192329e-02 ]
   - !!opencv-matrix
      rows: 1
      cols: 6
      dt: f
      data: [ 7.99579620e-02, 1.42553151e-01, 9.53295290e-01,
          -1.56008697e+00, -3.43445390e-02, 9.47558787e-03 ]
   - !!opencv-matrix
      rows: 1
      cols: 6
      dt: f
      data: [ 1.29785404e-01, 1.43266290e-01, 9.53450799e-01,
          -1.56042039e+00, -3.65277305e-02, 4.60438384e-03 ]
   - !!opencv-matrix
      rows: 1
      cols: 6
      dt: f
      data: [ 1.79850340e-01, 1.43928915e-01, 9.52967405e-01,
          -1.56007743e+00, -3.55121717e-02, 4.40209126e-03 ]
   - !!opencv-matrix
      rows: 1
      cols: 6
      dt: f
      data: [ -1.95196308e-02, 9.12459642e-02, 9.53220129e-01,
          -1.55852473e+00, -5.86706167e-03, 2.49398276e-02 ]
   - !!opencv-matrix
      rows: 1
      cols: 6
      dt: f
      data: [ 3.02203503e-02, 9.18864161e-02, 9.53224421e-01,
          -1.56028557e+00, -2.35794317e-02, 1.09628774e-02 ]
   - !!opencv-matrix
      rows: 1
      cols: 6
      dt: f
      data: [ 8.04314017e-02, 9.25861448e-02, 9.53862786e-01,
          -1.56016862e+00, -4.55486774e-02, 4.03779885e-03 ]
   - !!opencv-matrix
      rows: 1
      cols: 6
      dt: f
      data: [ 1.30199745e-01, 9.33105275e-02, 9.54041243e-01,
          -1.55988944e+00, -4.76457365e-02, -9.99439089e-06 ]
   - !!opencv-matrix
      rows: 1
      cols: 6
      dt: f
      data: [ 1.80211261e-01, 9.39801112e-02, 9.53570127e-01,
          -1.55988371e+00, -3.90438437e-02, 3.55992792e-03 ]
rep_err: [ 3.44514310e-01, 4.02017772e-01, 4.06491339e-01,
    4.27635282e-01, 4.54381615e-01, 3.43722761e-01, 3.14321488e-01,
    3.54375422e-01, 3.99352998e-01, 4.17686045e-01, 2.64171660e-01,
    3.20481807e-01, 3.54498714e-01, 3.61202508e-01, 4.17513698e-01,
    2.69450039e-01, 3.08572471e-01, 3.49186867e-01, 4.02963579e-01,
    3.96326810e-01, 3.44145596e-01, 3.29969466e-01, 4.50758278e-01,
    5.05071342e-01, 4.36559290e-01 ]
