%YAML:1.0
---
jointDoFs:
   - !!opencv-matrix
      rows: 1
      cols: 6
      dt: f
      data: [ -2.28781179e-02, 2.93441296e-01, 9.46844816e-01,
          1.31230000e-02, -1.80212539e-02, -6.57698810e-02 ]
   - !!opencv-matrix
      rows: 1
      cols: 6
      dt: f
      data: [ 2.68608723e-02, 2.93699205e-01, 9.46844816e-01,
          1.31230000e-02, -1.80212539e-02, -6.57698810e-02 ]
   - !!opencv-matrix
      rows: 1
      cols: 6
      dt: f
      data: [ 7.73599222e-02, 2.94106364e-01, 9.46844816e-01,
          1.31230000e-02, -1.80212539e-02, -6.57698810e-02 ]
   - !!opencv-matrix
      rows: 1
      cols: 6
      dt: f
      data: [ 1.27629757e-01, 2.94804841e-01, 9.46844816e-01,
          1.31230000e-02, -1.80212539e-02, -6.57698810e-02 ]
   - !!opencv-matrix
      rows: 1
      cols: 6
      dt: f
      data: [ 1.78125188e-01, 2.95671701e-01, 9.46844816e-01,
          1.31230000e-02, -1.80212539e-02, -6.57698810e-02 ]
   - !!opencv-matrix
      rows: 1
      cols: 6
      dt: f
      data: [ -2.18019951e-02, 2.42511451e-01, 9.46844816e-01,
          1.31230000e-02, -1.80212539e-02, -6.57698810e-02 ]
   - !!opencv-matrix
      rows: 1
      cols: 6
      dt: f
      data: [ 2.78749745e-02, 2.42862985e-01, 9.46844816e-01,
          1.31230000e-02, -1.80212539e-02, -6.57698810e-02 ]
   - !!opencv-matrix
      rows: 1
      cols: 6
      dt: f
      data: [ 7.81738311e-02, 2.43342921e-01, 9.46844816e-01,
          1.31230000e-02, -1.80212539e-02, -6.57698810e-02 ]
   - !!opencv-matrix
      rows: 1
      cols: 6
      dt: f
      data: [ 1.28219470e-01, 2.44074121e-01, 9.46844816e-01,
          1.31230000e-02, -1.80212539e-02, -6.57698810e-02 ]
   - !!opencv-matrix
      rows: 1
      cols: 6
      dt: f
      data: [ 1.78548619e-01, 2.44960755e-01, 9.46844816e-01,
          1.31230000e-02, -1.80212539e-02, -6.57698810e-02 ]
   - !!opencv-matrix
      rows: 1
      cols: 6
      dt: f
      data: [ -2.07056664e-02, 1.91096321e-01, 9.46844816e-01,
          1.31230000e-02, -1.80212539e-02, -6.57698810e-02 ]
   - !!opencv-matrix
      rows: 1
      cols: 6
      dt: f
      data: [ 2.88800541e-02, 1.91581607e-01, 9.46844816e-01,
          1.31230000e-02, -1.80212539e-02, -6.57698810e-02 ]
   - !!opencv-matrix
      rows: 1
      cols: 6
      dt: f
      data: [ 7.90415481e-02, 1.92175046e-01, 9.46844816e-01,
          1.31230000e-02, -1.80212539e-02, -6.57698810e-02 ]
   - !!opencv-matrix
      rows: 1
      cols: 6
      dt: f
      data: [ 1.28849447e-01, 1.92911416e-01, 9.46844816e-01,
          1.31230000e-02, -1.80212539e-02, -6.57698810e-02 ]
   - !!opencv-matrix
      rows: 1
      cols: 6
      dt: f
      data: [ 1.79010734e-01, 1.93789274e-01, 9.46844816e-01,
          1.31230000e-02, -1.80212539e-02, -6.57698810e-02 ]
   - !!opencv-matrix
      rows: 1
      cols: 6
      dt: f
      data: [ -2.00387817e-02, 1.40606746e-01, 9.46844816e-01,
          1.31230000e-02, -1.80212539e-02, -6.57698810e-02 ]
   - !!opencv-matrix
      rows: 1
      cols: 6
      dt: f
      data: [ 2.95073483e-02, 1.41126767e-01, 9.46844816e-01,
          1.31230000e-02, -1.80212539e-02, -6.57698810e-02 ]
   - !!opencv-matrix
      rows: 1
      cols: 6
      dt: f
      data: [ 7.94890672e-02, 1.41771674e-01, 9.46844816e-01,
          1.31230000e-02, -1.80212539e-02, -6.57698810e-02 ]
   - !!opencv-matrix
      rows: 1
      cols: 6
      dt: f
      data: [ 1.29146323e-01, 1.42567590e-01, 9.46844816e-01,
          1.31230000e-02, -1.80212539e-02, -6.57698810e-02 ]
   - !!opencv-matrix
      rows: 1
      cols: 6
      dt: f
      data: [ 1.79188341e-01, 1.43432260e-01, 9.46844816e-01,
          1.31230000e-02, -1.80212539e-02, -6.57698810e-02 ]
   - !!opencv-matrix
      rows: 1
      cols: 6
      dt: f
      data: [ -1.94949824e-02, 9.05959457e-02, 9.46844816e-01,
          1.31230000e-02, -1.80212539e-02, -6.57698810e-02 ]
   - !!opencv-matrix
      rows: 1
      cols: 6
      dt: f
      data: [ 3.00050061e-02, 9.12342668e-02, 9.46844816e-01,
          1.31230000e-02, -1.80212539e-02, -6.57698810e-02 ]
   - !!opencv-matrix
      rows: 1
      cols: 6
      dt: f
      data: [ 7.99023584e-02, 9.19085294e-02, 9.46844816e-01,
          1.31230000e-02, -1.80212539e-02, -6.57698810e-02 ]
   - !!opencv-matrix
      rows: 1
      cols: 6
      dt: f
      data: [ 1.29358143e-01, 9.26961079e-02, 9.46844816e-01,
          1.31230000e-02, -1.80212539e-02, -6.57698810e-02 ]
   - !!opencv-matrix
      rows: 1
      cols: 6
      dt: f
      data: [ 1.79283574e-01, 9.35584530e-02, 9.46844816e-01,
          1.31230000e-02, -1.80212539e-02, -6.57698810e-02 ]
