%YAML:1.0
---
jointDoFs:
   - !!opencv-matrix
      rows: 1
      cols: 6
      dt: f
      data: [ -1.92899078e-01, 2.14963734e-01, 7.82024443e-01,
          -1.86759103e-02, -2.33613234e-02, -6.07933216e-02 ]
   - !!opencv-matrix
      rows: 1
      cols: 6
      dt: f
      data: [ -1.42986327e-01, 2.15434954e-01, 7.82147586e-01,
          -1.86759103e-02, -2.33613234e-02, -6.07933216e-02 ]
   - !!opencv-matrix
      rows: 1
      cols: 6
      dt: f
      data: [ -9.27491188e-02, 2.15815619e-01, 7.82258093e-01,
          -1.86759103e-02, -2.33613234e-02, -6.07933216e-02 ]
   - !!opencv-matrix
      rows: 1
      cols: 6
      dt: f
      data: [ -4.26951721e-02, 2.16301769e-01, 7.82054961e-01,
          -1.86759103e-02, -2.33613234e-02, -6.07933216e-02 ]
   - !!opencv-matrix
      rows: 1
      cols: 6
      dt: f
      data: [ 7.76067795e-03, 2.16845185e-01, 7.81666100e-01,
          -1.86759103e-02, -2.33613234e-02, -6.07933216e-02 ]
   - !!opencv-matrix
      rows: 1
      cols: 6
      dt: f
      data: [ -1.92159206e-01, 1.64858013e-01, 7.82714605e-01,
          -1.86759103e-02, -2.33613234e-02, -6.07933216e-02 ]
   - !!opencv-matrix
      rows: 1
      cols: 6
      dt: f
      data: [ -1.42267033e-01, 1.65402755e-01, 7.82887459e-01,
          -1.86759103e-02, -2.33613234e-02, -6.07933216e-02 ]
   - !!opencv-matrix
      rows: 1
      cols: 6
      dt: f
      data: [ -9.20134932e-02, 1.65804401e-01, 7.82836854e-01,
          -1.86759103e-02, -2.33613234e-02, -6.07933216e-02 ]
   - !!opencv-matrix
      rows: 1
      cols: 6
      dt: f
      data: [ -4.19942364e-02, 1.66314960e-01, 7.82595932e-01,
          -1.86759103e-02, -2.33613234e-02, -6.07933216e-02 ]
   - !!opencv-matrix
      rows: 1
      cols: 6
      dt: f
      data: [ 8.42931774e-03, 1.66862100e-01, 7.82158196e-01,
          -1.86759103e-02, -2.33613234e-02, -6.07933216e-02 ]
   - !!opencv-matrix
      rows: 1
      cols: 6
      dt: f
      data: [ -1.91329703e-01, 1.13903642e-01, 7.83508718e-01,
          -1.86759103e-02, -2.33613234e-02, -6.07933216e-02 ]
   - !!opencv-matrix
      rows: 1
      cols: 6
      dt: f
      data: [ -1.41426951e-01, 1.14485689e-01, 7.83541024e-01,
          -1.86759103e-02, -2.33613234e-02, -6.07933216e-02 ]
   - !!opencv-matrix
      rows: 1
      cols: 6
      dt: f
      data: [ -9.11702812e-02, 1.14956081e-01, 7.83500433e-01,
          -1.86759103e-02, -2.33613234e-02, -6.07933216e-02 ]
   - !!opencv-matrix
      rows: 1
      cols: 6
      dt: f
      data: [ -4.11853641e-02, 1.15476809e-01, 7.83063591e-01,
          -1.86759103e-02, -2.33613234e-02, -6.07933216e-02 ]
   - !!opencv-matrix
      rows: 1
      cols: 6
      dt: f
      data: [ 9.20972973e-03, 1.16083026e-01, 7.82716930e-01,
          -1.86759103e-02, -2.33613234e-02, -6.07933216e-02 ]
   - !!opencv-matrix
      rows: 1
      cols: 6
      dt: f
      data: [ -1.90814853e-01, 6.34602681e-02, 7.83940017e-01,
          -1.86759103e-02, -2.33613234e-02, -6.07933216e-02 ]
   - !!opencv-matrix
      rows: 1
      cols: 6
      dt: f
      data: [ -1.40881956e-01, 6.40572160e-02, 7.83816159e-01,
          -1.86759103e-02, -2.33613234e-02, -6.07933216e-02 ]
   - !!opencv-matrix
      rows: 1
      cols: 6
      dt: f
      data: [ -9.06148627e-02, 6.45673797e-02, 7.83688068e-01,
          -1.86759103e-02, -2.33613234e-02, -6.07933216e-02 ]
   - !!opencv-matrix
      rows: 1
      cols: 6
      dt: f
      data: [ -4.06828821e-02, 6.51254952e-02, 7.83260584e-01,
          -1.86759103e-02, -2.33613234e-02, -6.07933216e-02 ]
   - !!opencv-matrix
      rows: 1
      cols: 6
      dt: f
      data: [ 9.65445861e-03, 6.57471195e-02, 7.82939792e-01,
          -1.86759103e-02, -2.33613234e-02, -6.07933216e-02 ]
   - !!opencv-matrix
      rows: 1
      cols: 6
      dt: f
      data: [ -1.90338671e-01, 1.31988684e-02, 7.84010947e-01,
          -1.86759103e-02, -2.33613234e-02, -6.07933216e-02 ]
   - !!opencv-matrix
      rows: 1
      cols: 6
      dt: f
      data: [ -1.40429914e-01, 1.38435336e-02, 7.83972800e-01,
          -1.86759103e-02, -2.33613234e-02, -6.07933216e-02 ]
   - !!opencv-matrix
      rows: 1
      cols: 6
      dt: f
      data: [ -9.01500285e-02, 1.43945403e-02, 7.83736110e-01,
          -1.86759103e-02, -2.33613234e-02, -6.07933216e-02 ]
   - !!opencv-matrix
      rows: 1
      cols: 6
      dt: f
      data: [ -4.02838700e-02, 1.49848163e-02, 7.83421874e-01,
          -1.86759103e-02, -2.33613234e-02, -6.07933216e-02 ]
   - !!opencv-matrix
      rows: 1
      cols: 6
      dt: f
      data: [ 1.00059882e-02, 1.56063009e-02, 7.83000171e-01,
          -1.86759103e-02, -2.33613234e-02, -6.07933216e-02 ]
