%YAML:1.0
---
jointDoFs:
   - !!opencv-matrix
      rows: 1
      cols: 6
      dt: f
      data: [ -1.01515740e-01, 9.98749137e-02, 0., -1.55929565e+00,
          -6.58368971e-03, 4.49316856e-03 ]
   - !!opencv-matrix
      rows: 1
      cols: 6
      dt: f
      data: [ -5.20219207e-02, 1.00273073e-01, 0., -1.55929565e+00,
          -6.58368971e-03, 4.49316856e-03 ]
   - !!opencv-matrix
      rows: 1
      cols: 6
      dt: f
      data: [ -1.75940990e-03, 1.00690663e-01, 0., -1.55929565e+00,
          -6.58368971e-03, 4.49316856e-03 ]
   - !!opencv-matrix
      rows: 1
      cols: 6
      dt: f
      data: [ 4.82960343e-02, 1.01349294e-01, 0., -1.55929565e+00,
          -6.58368971e-03, 4.49316856e-03 ]
   - !!opencv-matrix
      rows: 1
      cols: 6
      dt: f
      data: [ 9.85366702e-02, 1.02078140e-01, 0., -1.55929565e+00,
          -6.58368971e-03, 4.49316856e-03 ]
   - !!opencv-matrix
      rows: 1
      cols: 6
      dt: f
      data: [ -1.00648671e-01, 4.97386456e-02, 0., -1.55929565e+00,
          -6.58368971e-03, 4.49316856e-03 ]
   - !!opencv-matrix
      rows: 1
      cols: 6
      dt: f
      data: [ -5.11020422e-02, 5.02025485e-02, 0., -1.55929565e+00,
          -6.58368971e-03, 4.49316856e-03 ]
   - !!opencv-matrix
      rows: 1
      cols: 6
      dt: f
      data: [ -9.03606415e-04, 5.07009625e-02, 0., -1.55929565e+00,
          -6.58368971e-03, 4.49316856e-03 ]
   - !!opencv-matrix
      rows: 1
      cols: 6
      dt: f
      data: [ 4.90090847e-02, 5.13466001e-02, 0., -1.55929565e+00,
          -6.58368971e-03, 4.49316856e-03 ]
   - !!opencv-matrix
      rows: 1
      cols: 6
      dt: f
      data: [ 9.91611481e-02, 5.20657897e-02, 0., -1.55929565e+00,
          -6.58368971e-03, 4.49316856e-03 ]
   - !!opencv-matrix
      rows: 1
      cols: 6
      dt: f
      data: [ -9.97123718e-02, -1.11448765e-03, 0., -1.55929565e+00,
          -6.58368971e-03, 4.49316856e-03 ]
   - !!opencv-matrix
      rows: 1
      cols: 6
      dt: f
      data: [ -5.01500368e-02, -5.66899776e-04, 0., -1.55929565e+00,
          -6.58368971e-03, 4.49316856e-03 ]
   - !!opencv-matrix
      rows: 1
      cols: 6
      dt: f
      data: [ 0., 0., 0., -1.55929565e+00, -6.58368971e-03,
          4.49316856e-03 ]
   - !!opencv-matrix
      rows: 1
      cols: 6
      dt: f
      data: [ 4.97829318e-02, 6.91950321e-04, 0., -1.55929565e+00,
          -6.58368971e-03, 4.49316856e-03 ]
   - !!opencv-matrix
      rows: 1
      cols: 6
      dt: f
      data: [ 9.98702049e-02, 1.41042471e-03, 0., -1.55929565e+00,
          -6.58368971e-03, 4.49316856e-03 ]
   - !!opencv-matrix
      rows: 1
      cols: 6
      dt: f
      data: [ -9.91715491e-02, -5.14199138e-02, 0., -1.55929565e+00,
          -6.58368971e-03, 4.49316856e-03 ]
   - !!opencv-matrix
      rows: 1
      cols: 6
      dt: f
      data: [ -4.95678782e-02, -5.07960320e-02, 0., -1.55929565e+00,
          -6.58368971e-03, 4.49316856e-03 ]
   - !!opencv-matrix
      rows: 1
      cols: 6
      dt: f
      data: [ 5.19633293e-04, -5.01816869e-02, 0., -1.55929565e+00,
          -6.58368971e-03, 4.49316856e-03 ]
   - !!opencv-matrix
      rows: 1
      cols: 6
      dt: f
      data: [ 5.01915812e-02, -4.94918823e-02, 0., -1.55929565e+00,
          -6.58368971e-03, 4.49316856e-03 ]
   - !!opencv-matrix
      rows: 1
      cols: 6
      dt: f
      data: [ 1.00190878e-01, -4.87706661e-02, 0., -1.55929565e+00,
          -6.58368971e-03, 4.49316856e-03 ]
   - !!opencv-matrix
      rows: 1
      cols: 6
      dt: f
      data: [ -9.87187922e-02, -1.01387322e-01, 0., -1.55929565e+00,
          -6.58368971e-03, 4.49316856e-03 ]
   - !!opencv-matrix
      rows: 1
      cols: 6
      dt: f
      data: [ -4.90666628e-02, -1.00713611e-01, 0., -1.55929565e+00,
          -6.58368971e-03, 4.49316856e-03 ]
   - !!opencv-matrix
      rows: 1
      cols: 6
      dt: f
      data: [ 9.72807407e-04, -1.00054890e-01, 0., -1.55929565e+00,
          -6.58368971e-03, 4.49316856e-03 ]
   - !!opencv-matrix
      rows: 1
      cols: 6
      dt: f
      data: [ 5.05414605e-02, -9.93598700e-02, 0., -1.55929565e+00,
          -6.58368971e-03, 4.49316856e-03 ]
   - !!opencv-matrix
      rows: 1
      cols: 6
      dt: f
      data: [ 1.00453377e-01, -9.86502469e-02, 0., -1.55929565e+00,
          -6.58368971e-03, 4.49316856e-03 ]
