%YAML:1.0
---
object_points:
   - [ 0., 0., 0., 2.86999997e-02, 0., 0., 5.73999994e-02, 0., 0.,
       8.60999972e-02, 0., 0., 1.14799999e-01, 0., 0., 0.,
       2.86999997e-02, 0., 2.86999997e-02, 2.86999997e-02, 0.,
       5.73999994e-02, 2.86999997e-02, 0., 8.60999972e-02,
       2.86999997e-02, 0., 1.14799999e-01, 2.86999997e-02, 0., 0.,
       5.73999994e-02, 0., 2.86999997e-02, 5.73999994e-02, 0.,
       5.73999994e-02, 5.73999994e-02, 0., 8.60999972e-02,
       5.73999994e-02, 0., 1.14799999e-01, 5.73999994e-02, 0., 0.,
       8.60999972e-02, 0., 2.86999997e-02, 8.60999972e-02, 0.,
       5.73999994e-02, 8.60999972e-02, 0., 8.60999972e-02,
       8.60999972e-02, 0., 1.14799999e-01, 8.60999972e-02, 0., 0.,
       1.14799999e-01, 0., 2.86999997e-02, 1.14799999e-01, 0.,
       5.73999994e-02, 1.14799999e-01, 0., 8.60999972e-02,
       1.14799999e-01, 0., 1.14799999e-01, 1.14799999e-01, 0., 0.,
       1.43500000e-01, 0., 2.86999997e-02, 1.43500000e-01, 0.,
       5.73999994e-02, 1.43500000e-01, 0., 8.60999972e-02,
       1.43500000e-01, 0., 1.14799999e-01, 1.43500000e-01, 0., 0.,
       1.72199994e-01, 0., 2.86999997e-02, 1.72199994e-01, 0.,
       5.73999994e-02, 1.72199994e-01, 0., 8.60999972e-02,
       1.72199994e-01, 0., 1.14799999e-01, 1.72199994e-01, 0. ]
   - [ 0., 0., 0., 2.86999997e-02, 0., 0., 5.73999994e-02, 0., 0.,
       8.60999972e-02, 0., 0., 1.14799999e-01, 0., 0., 0.,
       2.86999997e-02, 0., 2.86999997e-02, 2.86999997e-02, 0.,
       5.73999994e-02, 2.86999997e-02, 0., 8.60999972e-02,
       2.86999997e-02, 0., 1.14799999e-01, 2.86999997e-02, 0., 0.,
       5.73999994e-02, 0., 2.86999997e-02, 5.73999994e-02, 0.,
       5.73999994e-02, 5.73999994e-02, 0., 8.60999972e-02,
       5.73999994e-02, 0., 1.14799999e-01, 5.73999994e-02, 0., 0.,
       8.60999972e-02, 0., 2.86999997e-02, 8.60999972e-02, 0.,
       5.73999994e-02, 8.60999972e-02, 0., 8.60999972e-02,
       8.60999972e-02, 0., 1.14799999e-01, 8.60999972e-02, 0., 0.,
       1.14799999e-01, 0., 2.86999997e-02, 1.14799999e-01, 0.,
       5.73999994e-02, 1.14799999e-01, 0., 8.60999972e-02,
       1.14799999e-01, 0., 1.14799999e-01, 1.14799999e-01, 0., 0.,
       1.43500000e-01, 0., 2.86999997e-02, 1.43500000e-01, 0.,
       5.73999994e-02, 1.43500000e-01, 0., 8.60999972e-02,
       1.43500000e-01, 0., 1.14799999e-01, 1.43500000e-01, 0., 0.,
       1.72199994e-01, 0., 2.86999997e-02, 1.72199994e-01, 0.,
       5.73999994e-02, 1.72199994e-01, 0., 8.60999972e-02,
       1.72199994e-01, 0., 1.14799999e-01, 1.72199994e-01, 0. ]
   - [ 0., 0., 0., 2.86999997e-02, 0., 0., 5.73999994e-02, 0., 0.,
       8.60999972e-02, 0., 0., 1.14799999e-01, 0., 0., 0.,
       2.86999997e-02, 0., 2.86999997e-02, 2.86999997e-02, 0.,
       5.73999994e-02, 2.86999997e-02, 0., 8.60999972e-02,
       2.86999997e-02, 0., 1.14799999e-01, 2.86999997e-02, 0., 0.,
       5.73999994e-02, 0., 2.86999997e-02, 5.73999994e-02, 0.,
       5.73999994e-02, 5.73999994e-02, 0., 8.60999972e-02,
       5.73999994e-02, 0., 1.14799999e-01, 5.73999994e-02, 0., 0.,
       8.60999972e-02, 0., 2.86999997e-02, 8.60999972e-02, 0.,
       5.73999994e-02, 8.60999972e-02, 0., 8.60999972e-02,
       8.60999972e-02, 0., 1.14799999e-01, 8.60999972e-02, 0., 0.,
       1.14799999e-01, 0., 2.86999997e-02, 1.14799999e-01, 0.,
       5.73999994e-02, 1.14799999e-01, 0., 8.60999972e-02,
       1.14799999e-01, 0., 1.14799999e-01, 1.14799999e-01, 0., 0.,
       1.43500000e-01, 0., 2.86999997e-02, 1.43500000e-01, 0.,
       5.73999994e-02, 1.43500000e-01, 0., 8.60999972e-02,
       1.43500000e-01, 0., 1.14799999e-01, 1.43500000e-01, 0., 0.,
       1.72199994e-01, 0., 2.86999997e-02, 1.72199994e-01, 0.,
       5.73999994e-02, 1.72199994e-01, 0., 8.60999972e-02,
       1.72199994e-01, 0., 1.14799999e-01, 1.72199994e-01, 0. ]
   - [ 0., 0., 0., 2.86999997e-02, 0., 0., 5.73999994e-02, 0., 0.,
       8.60999972e-02, 0., 0., 1.14799999e-01, 0., 0., 0.,
       2.86999997e-02, 0., 2.86999997e-02, 2.86999997e-02, 0.,
       5.73999994e-02, 2.86999997e-02, 0., 8.60999972e-02,
       2.86999997e-02, 0., 1.14799999e-01, 2.86999997e-02, 0., 0.,
       5.73999994e-02, 0., 2.86999997e-02, 5.73999994e-02, 0.,
       5.73999994e-02, 5.73999994e-02, 0., 8.60999972e-02,
       5.73999994e-02, 0., 1.14799999e-01, 5.73999994e-02, 0., 0.,
       8.60999972e-02, 0., 2.86999997e-02, 8.60999972e-02, 0.,
       5.73999994e-02, 8.60999972e-02, 0., 8.60999972e-02,
       8.60999972e-02, 0., 1.14799999e-01, 8.60999972e-02, 0., 0.,
       1.14799999e-01, 0., 2.86999997e-02, 1.14799999e-01, 0.,
       5.73999994e-02, 1.14799999e-01, 0., 8.60999972e-02,
       1.14799999e-01, 0., 1.14799999e-01, 1.14799999e-01, 0., 0.,
       1.43500000e-01, 0., 2.86999997e-02, 1.43500000e-01, 0.,
       5.73999994e-02, 1.43500000e-01, 0., 8.60999972e-02,
       1.43500000e-01, 0., 1.14799999e-01, 1.43500000e-01, 0., 0.,
       1.72199994e-01, 0., 2.86999997e-02, 1.72199994e-01, 0.,
       5.73999994e-02, 1.72199994e-01, 0., 8.60999972e-02,
       1.72199994e-01, 0., 1.14799999e-01, 1.72199994e-01, 0. ]
   - [ 0., 0., 0., 2.86999997e-02, 0., 0., 5.73999994e-02, 0., 0.,
       8.60999972e-02, 0., 0., 1.14799999e-01, 0., 0., 0.,
       2.86999997e-02, 0., 2.86999997e-02, 2.86999997e-02, 0.,
       5.73999994e-02, 2.86999997e-02, 0., 8.60999972e-02,
       2.86999997e-02, 0., 1.14799999e-01, 2.86999997e-02, 0., 0.,
       5.73999994e-02, 0., 2.86999997e-02, 5.73999994e-02, 0.,
       5.73999994e-02, 5.73999994e-02, 0., 8.60999972e-02,
       5.73999994e-02, 0., 1.14799999e-01, 5.73999994e-02, 0., 0.,
       8.60999972e-02, 0., 2.86999997e-02, 8.60999972e-02, 0.,
       5.73999994e-02, 8.60999972e-02, 0., 8.60999972e-02,
       8.60999972e-02, 0., 1.14799999e-01, 8.60999972e-02, 0., 0.,
       1.14799999e-01, 0., 2.86999997e-02, 1.14799999e-01, 0.,
       5.73999994e-02, 1.14799999e-01, 0., 8.60999972e-02,
       1.14799999e-01, 0., 1.14799999e-01, 1.14799999e-01, 0., 0.,
       1.43500000e-01, 0., 2.86999997e-02, 1.43500000e-01, 0.,
       5.73999994e-02, 1.43500000e-01, 0., 8.60999972e-02,
       1.43500000e-01, 0., 1.14799999e-01, 1.43500000e-01, 0., 0.,
       1.72199994e-01, 0., 2.86999997e-02, 1.72199994e-01, 0.,
       5.73999994e-02, 1.72199994e-01, 0., 8.60999972e-02,
       1.72199994e-01, 0., 1.14799999e-01, 1.72199994e-01, 0. ]
   - [ 0., 0., 0., 2.86999997e-02, 0., 0., 5.73999994e-02, 0., 0.,
       8.60999972e-02, 0., 0., 1.14799999e-01, 0., 0., 0.,
       2.86999997e-02, 0., 2.86999997e-02, 2.86999997e-02, 0.,
       5.73999994e-02, 2.86999997e-02, 0., 8.60999972e-02,
       2.86999997e-02, 0., 1.14799999e-01, 2.86999997e-02, 0., 0.,
       5.73999994e-02, 0., 2.86999997e-02, 5.73999994e-02, 0.,
       5.73999994e-02, 5.73999994e-02, 0., 8.60999972e-02,
       5.73999994e-02, 0., 1.14799999e-01, 5.73999994e-02, 0., 0.,
       8.60999972e-02, 0., 2.86999997e-02, 8.60999972e-02, 0.,
       5.73999994e-02, 8.60999972e-02, 0., 8.60999972e-02,
       8.60999972e-02, 0., 1.14799999e-01, 8.60999972e-02, 0., 0.,
       1.14799999e-01, 0., 2.86999997e-02, 1.14799999e-01, 0.,
       5.73999994e-02, 1.14799999e-01, 0., 8.60999972e-02,
       1.14799999e-01, 0., 1.14799999e-01, 1.14799999e-01, 0., 0.,
       1.43500000e-01, 0., 2.86999997e-02, 1.43500000e-01, 0.,
       5.73999994e-02, 1.43500000e-01, 0., 8.60999972e-02,
       1.43500000e-01, 0., 1.14799999e-01, 1.43500000e-01, 0., 0.,
       1.72199994e-01, 0., 2.86999997e-02, 1.72199994e-01, 0.,
       5.73999994e-02, 1.72199994e-01, 0., 8.60999972e-02,
       1.72199994e-01, 0., 1.14799999e-01, 1.72199994e-01, 0. ]
   - [ 0., 0., 0., 2.86999997e-02, 0., 0., 5.73999994e-02, 0., 0.,
       8.60999972e-02, 0., 0., 1.14799999e-01, 0., 0., 0.,
       2.86999997e-02, 0., 2.86999997e-02, 2.86999997e-02, 0.,
       5.73999994e-02, 2.86999997e-02, 0., 8.60999972e-02,
       2.86999997e-02, 0., 1.14799999e-01, 2.86999997e-02, 0., 0.,
       5.73999994e-02, 0., 2.86999997e-02, 5.73999994e-02, 0.,
