%YAML:1.0
---
points:
   - [ 7.13370300e+02, 2.53409937e+03, 8.15598022e+02, 2.53176465e+03,
       9.17015076e+02, 2.52940234e+03, 1.01892114e+03, 2.52686377e+03,
       1.12032251e+03, 2.52455981e+03, 1.22158081e+03, 2.52208691e+03,
       1.32297168e+03, 2.51965430e+03, 1.42405615e+03, 2.51716138e+03,
       7.13429932e+02, 2.63651538e+03, 8.15500061e+02, 2.63402100e+03,
       9.17269836e+02, 2.63145093e+03, 1.01927478e+03, 2.62904956e+03,
       1.12099341e+03, 2.62666309e+03, 1.22227063e+03, 2.62400342e+03,
       1.32372400e+03, 2.62146411e+03, 1.42507495e+03, 2.61887720e+03,
       7.13045410e+02, 2.73937573e+03, 8.15443115e+02, 2.73676685e+03,
       9.17352600e+02, 2.73424023e+03, 1.01955524e+03, 2.73171777e+03,
       1.12148462e+03, 2.72907935e+03, 1.22297021e+03, 2.72656152e+03,
       1.32460583e+03, 2.72393042e+03, 1.42619971e+03, 2.72118408e+03,
       7.13084351e+02, 2.84225977e+03, 8.15511230e+02, 2.83975781e+03,
       9.17727234e+02, 2.83703418e+03, 1.02008594e+03, 2.83439038e+03,
       1.12202417e+03, 2.83193188e+03, 1.22375476e+03, 2.82919238e+03,
       1.32546350e+03, 2.82641553e+03, 1.42714697e+03, 2.82367139e+03,
       7.12922058e+02, 2.94582593e+03, 8.15586426e+02, 2.94319995e+03,
       9.17887939e+02, 2.94048804e+03, 1.02024414e+03, 2.93776880e+03,
       1.12250183e+03, 2.93495801e+03, 1.22425781e+03, 2.93226147e+03,
       1.32636511e+03, 2.92947266e+03, 1.42804749e+03, 2.92671143e+03,
       7.12653992e+02, 3.04951050e+03, 8.15539429e+02, 3.04676074e+03,
       9.18058228e+02, 3.04404419e+03, 1.02056885e+03, 3.04106958e+03,
       1.12296960e+03, 3.03850317e+03, 1.22479712e+03, 3.03581519e+03,
       1.32695850e+03, 3.03310596e+03, 1.42888586e+03, 3.03017065e+03 ]
   - [ 9.66038025e+02, 2.53637329e+03, 1.06782117e+03, 2.53400903e+03,
       1.16934009e+03, 2.53154736e+03, 1.27092529e+03, 2.52909985e+03,
       1.37239233e+03, 2.52667310e+03, 1.47327844e+03, 2.52428638e+03,
       1.57441919e+03, 2.52184937e+03, 1.67542896e+03, 2.51923047e+03,
       9.66475159e+02, 2.63872974e+03, 1.06844519e+03, 2.63614893e+03,
       1.17008997e+03, 2.63362720e+03, 1.27186902e+03, 2.63132104e+03,
       1.37330566e+03, 2.62879077e+03, 1.47442883e+03, 2.62610669e+03,
       1.57569580e+03, 2.62361182e+03, 1.67693005e+03, 2.62102466e+03,
       9.66719604e+02, 2.74141333e+03, 1.06879333e+03, 2.73897070e+03,
       1.17066797e+03, 2.73635083e+03, 1.27259192e+03, 2.73396118e+03,
       1.37428589e+03, 2.73120557e+03, 1.47561438e+03, 2.72872021e+03,
       1.57707202e+03, 2.72602881e+03, 1.67855444e+03, 2.72327734e+03,
       9.67057129e+02, 2.84444507e+03, 1.06935168e+03, 2.84187622e+03,
       1.17133679e+03, 2.83929102e+03, 1.27350513e+03, 2.83665088e+03,
       1.37526086e+03, 2.83402539e+03, 1.47676147e+03, 2.83127100e+03,
       1.57836926e+03, 2.82855225e+03, 1.67986145e+03, 2.82580151e+03,
       9.67433105e+02, 2.94800854e+03, 1.06990466e+03, 2.94520166e+03,
       1.17197107e+03, 2.94275659e+03, 1.27429480e+03, 2.93999023e+03,
       1.37616260e+03, 2.93726514e+03, 1.47793005e+03, 2.93453979e+03,
       1.57968323e+03, 2.93168286e+03, 1.68130725e+03, 2.92885840e+03,
       9.67685181e+02, 3.05177466e+03, 1.07008777e+03, 3.04909204e+03,
       1.17245813e+03, 3.04632422e+03, 1.27481812e+03, 3.04355640e+03,
       1.37699255e+03, 3.04089478e+03, 1.47894055e+03, 3.03789185e+03,
       1.58082581e+03, 3.03515088e+03, 1.68270740e+03, 3.03216357e+03 ]
   - [ 1.22033948e+03, 2.53801855e+03, 1.32196497e+03, 2.53562085e+03,
       1.42324390e+03, 2.53324487e+03, 1.52480151e+03, 2.53091699e+03,
       1.62586487e+03, 2.52861670e+03, 1.72676221e+03, 2.52610498e+03,
       1.82784424e+03, 2.52354858e+03, 1.92861353e+03, 2.52107788e+03,
       1.22110291e+03, 2.64043896e+03, 1.32291016e+03, 2.63785815e+03,
       1.42433740e+03, 2.63543213e+03, 1.52596179e+03, 2.63305273e+03,
       1.62728210e+03, 2.63052637e+03, 1.72831287e+03, 2.62805737e+03,
       1.82952295e+03, 2.62552734e+03, 1.93037683e+03, 2.62293652e+03,
       1.22176978e+03, 2.74314673e+03, 1.32377258e+03, 2.74073779e+03,
       1.42557434e+03, 2.73812817e+03, 1.52730981e+03, 2.73557324e+03,
       1.62875378e+03, 2.73324121e+03, 1.72988306e+03, 2.73053687e+03,
       1.83121753e+03, 2.72797388e+03, 1.93238416e+03, 2.72535742e+03,
       1.22275452e+03, 2.84620947e+03, 1.32464880e+03, 2.84360376e+03,
       1.42648999e+03, 2.84092969e+03, 1.52843555e+03, 2.83836011e+03,
       1.63007007e+03, 2.83588574e+03, 1.73146021e+03, 2.83324927e+03,
       1.83281360e+03, 2.83038257e+03, 1.93421069e+03, 2.82802246e+03,
       1.22329895e+03, 2.94983911e+03, 1.32552991e+03, 2.94717993e+03,
       1.42761499e+03, 2.94432422e+03, 1.52960999e+03, 2.94172070e+03,
       1.63149707e+03, 2.93917456e+03, 1.73300745e+03, 2.93648169e+03,
       1.83461377e+03, 2.93371655e+03, 1.93605383e+03, 2.93100122e+03,
       1.22379834e+03, 3.05357764e+03, 1.32625696e+03, 3.05086816e+03,
       1.42843213e+03, 3.04835181e+03, 1.53083887e+03, 3.04540112e+03,
       1.63263611e+03, 3.04275195e+03, 1.73440942e+03, 3.03981860e+03,
       1.83623413e+03, 3.03724902e+03, 1.93784119e+03, 3.03439917e+03 ]
   - [ 1.47342139e+03, 2.54068066e+03, 1.57484778e+03, 2.53831030e+03,
       1.67622351e+03, 2.53594116e+03, 1.77751477e+03, 2.53360889e+03,
       1.87842505e+03, 2.53119702e+03, 1.97911511e+03, 2.52887207e+03,
       2.08017944e+03, 2.52642676e+03, 2.18086182e+03, 2.52399243e+03,
       1.47453516e+03, 2.64284985e+03, 1.57612231e+03, 2.64045923e+03,
       1.67760608e+03, 2.63802466e+03, 1.77915833e+03, 2.63563452e+03,
       1.88023303e+03, 2.63333398e+03, 1.98110779e+03, 2.63090649e+03,
       2.08210913e+03, 2.62828125e+03, 2.18303442e+03, 2.62575464e+03,
       1.47564832e+03, 2.74576636e+03, 1.57761108e+03, 2.74332349e+03,
       1.67905579e+03, 2.74082544e+03, 1.78071191e+03, 2.73831592e+03,
       1.88206433e+03, 2.73592773e+03, 1.98302808e+03, 2.73337427e+03,
       2.08415894e+03, 2.73086548e+03, 2.18547388e+03, 2.72809619e+03,
       1.47690479e+03, 2.84874585e+03, 1.57884717e+03, 2.84613940e+03,
       1.68052319e+03, 2.84374390e+03, 1.78232251e+03, 2.84110767e+03,
       1.88390442e+03, 2.83868335e+03, 1.98495789e+03, 2.83612524e+03,
       2.08635571e+03, 2.83346167e+03, 2.18761597e+03, 2.83064380e+03,
       1.47795715e+03, 2.95234351e+03, 1.58017102e+03, 2.94969238e+03,
       1.68202014e+03, 2.94705664e+03, 1.78394385e+03, 2.94460986e+03,
       1.88561609e+03, 2.94197290e+03, 1.98700769e+03, 2.93931348e+03,
       2.08856738e+03, 2.93662891e+03, 2.18978247e+03, 2.93401392e+03,
       1.47894214e+03, 3.05621191e+03, 1.58123694e+03, 3.05359961e+03,
       1.68331494e+03, 3.05093823e+03, 1.78553101e+03, 3.04816284e+03,
       1.88731946e+03, 3.04550366e+03, 1.98888623e+03, 3.04278955e+03,
       2.09048608e+03, 3.04004492e+03, 2.19214258e+03, 3.03738989e+03 ]
   - [ 1.72863013e+03, 2.54364722e+03, 1.82994678e+03, 2.54120190e+03,
       1.93115076e+03, 2.53898242e+03, 2.03229932e+03, 2.53676685e+03,
       2.13325488e+03, 2.53435254e+03, 2.23395605e+03, 2.53199683e+03,
       2.33474487e+03, 2.52964087e+03, 2.43520508e+03, 2.52724878e+03,
       1.73017126e+03, 2.64578931e+03, 1.83174304e+03, 2.64351099e+03,
       1.93292212e+03, 2.64127783e+03, 2.03418616e+03, 2.63881152e+03,
       2.13540918e+03, 2.63645923e+03, 2.23621021e+03, 2.63404150e+03,
       2.33707886e+03, 2.63159814e+03, 2.43791064e+03, 2.62906445e+03,
       1.73171765e+03, 2.74887695e+03, 1.83344153e+03, 2.74637378e+03,
       1.93483313e+03, 2.74392725e+03, 2.03631641e+03, 2.74148804e+03,
       2.13754443e+03, 2.73918481e+03, 2.23848145e+03, 2.73672803e+03,
       2.33958179e+03, 2.73427979e+03, 2.44061963e+03, 2.73168237e+03,
       1.73322119e+03, 2.85173877e+03, 1.83511792e+03, 2.84929224e+03,
       1.93671179e+03, 2.84686694e+03, 2.03832166e+03, 2.84452539e+03,
       2.13979102e+03, 2.84201953e+03, 2.24077783e+03, 2.83949585e+03,
       2.34208716e+03, 2.83699805e+03, 2.44319507e+03, 2.83439136e+03,
