%YAML:1.0
---
points:
   - [ 1.58233533e+03, 2.94414380e+03, 1.58437158e+03, 2.82552930e+03,
       1.58595166e+03, 2.70774023e+03, 1.58802307e+03, 2.58929980e+03,
       1.58966052e+03, 2.47223340e+03, 1.69989355e+03, 2.94534351e+03,
       1.70172461e+03, 2.82672681e+03, 1.70340381e+03, 2.70874023e+03,
       1.70520264e+03, 2.59064526e+03, 1.70675574e+03, 2.47333716e+03,
       1.81704224e+03, 2.94497974e+03, 1.81828638e+03, 2.82765552e+03,
       1.82015662e+03, 2.70929468e+03, 1.82201404e+03, 2.59155591e+03,
       1.82342847e+03, 2.47367017e+03, 1.93406653e+03, 2.94608569e+03,
       1.93571936e+03, 2.82759937e+03, 1.93711377e+03, 2.71054419e+03,
       1.93874573e+03, 2.59221973e+03, 1.94003772e+03, 2.47472192e+03,
       2.05140601e+03, 2.94746899e+03, 2.05252637e+03, 2.82844922e+03,
       2.05401392e+03, 2.71134155e+03, 2.05529053e+03, 2.59315845e+03,
       2.05648364e+03, 2.47556787e+03, 2.16843457e+03, 2.94853491e+03,
       2.16923486e+03, 2.82916333e+03, 2.17067236e+03, 2.71211987e+03,
       2.17180029e+03, 2.59409839e+03, 2.17274390e+03, 2.47639673e+03,
       2.28505469e+03, 2.94841846e+03, 2.28568481e+03, 2.82982007e+03,
       2.28691699e+03, 2.71224438e+03, 2.28764868e+03, 2.59432202e+03,
       2.28861255e+03, 2.47694043e+03 ]
   - [ 1.78467383e+03, 2.94592188e+03, 1.78623279e+03, 2.82705127e+03,
       1.78803357e+03, 2.70935645e+03, 1.78965747e+03, 2.59153296e+03,
       1.79109631e+03, 2.47395508e+03, 1.90213733e+03, 2.94692285e+03,
       1.90363049e+03, 2.82902319e+03, 1.90505786e+03, 2.71022144e+03,
       1.90659070e+03, 2.59212817e+03, 1.90783777e+03, 2.47513184e+03,
       2.01921814e+03, 2.94663086e+03, 2.02051831e+03, 2.82954199e+03,
       2.02202576e+03, 2.71089087e+03, 2.02340405e+03, 2.59314331e+03,
       2.02447461e+03, 2.47564038e+03, 2.13645825e+03, 2.94786987e+03,
       2.13758740e+03, 2.82904663e+03, 2.13884937e+03, 2.71225073e+03,
       2.13986182e+03, 2.59374683e+03, 2.14069702e+03, 2.47614868e+03,
       2.25349707e+03, 2.94939453e+03, 2.25433252e+03, 2.82998267e+03,
       2.25562915e+03, 2.71309961e+03, 2.25640283e+03, 2.59474731e+03,
       2.25716016e+03, 2.47705420e+03, 2.37047217e+03, 2.95016919e+03,
       2.37108911e+03, 2.83062207e+03, 2.37231714e+03, 2.71369116e+03,
       2.37290845e+03, 2.59544312e+03, 2.37345703e+03, 2.47767456e+03,
       2.48687915e+03, 2.95038232e+03, 2.48747314e+03, 2.83159302e+03,
       2.48805591e+03, 2.71361499e+03, 2.48853418e+03, 2.59612744e+03,
       2.48921851e+03, 2.47828564e+03 ]
   - [ 1.99011450e+03, 2.94759692e+03, 1.99174890e+03, 2.82878320e+03,
       1.99290601e+03, 2.71109106e+03, 1.99384998e+03, 2.59282422e+03,
       1.99554517e+03, 2.47559790e+03, 2.10761938e+03, 2.94865723e+03,
       2.10876880e+03, 2.83017773e+03, 2.10980811e+03, 2.71203589e+03,
       2.11118042e+03, 2.59378467e+03, 2.11231348e+03, 2.47677734e+03,
       2.22437036e+03, 2.94851001e+03, 2.22578613e+03, 2.83134570e+03,
       2.22653833e+03, 2.71268823e+03, 2.22764941e+03, 2.59498120e+03,
       2.22886743e+03, 2.47713574e+03, 2.34178296e+03, 2.94960229e+03,
       2.34271704e+03, 2.83090845e+03, 2.34385034e+03, 2.71406958e+03,
       2.34433228e+03, 2.59539673e+03, 2.34526221e+03, 2.47770947e+03,
       2.45882202e+03, 2.95081250e+03, 2.45909497e+03, 2.83178882e+03,
       2.46051465e+03, 2.71512988e+03, 2.46090454e+03, 2.59651025e+03,
       2.46134302e+03, 2.47872070e+03, 2.57579346e+03, 2.95208398e+03,
       2.57590845e+03, 2.83261133e+03, 2.57689160e+03, 2.71550684e+03,
       2.57715601e+03, 2.59731152e+03, 2.57751782e+03, 2.47973071e+03,
       2.69195996e+03, 2.95184570e+03, 2.69233008e+03, 2.83338208e+03,
       2.69257886e+03, 2.71555469e+03, 2.69279053e+03, 2.59753735e+03,
       2.69313745e+03, 2.48020508e+03 ]
   - [ 2.19460864e+03, 2.95049756e+03, 2.19570752e+03, 2.83143481e+03,
       2.19711401e+03, 2.71362427e+03, 2.19787085e+03, 2.59523315e+03,
       2.19904272e+03, 2.47799561e+03, 2.31193506e+03, 2.95134521e+03,
       2.31319556e+03, 2.83274536e+03, 2.31402881e+03, 2.71468481e+03,
       2.31479272e+03, 2.59624023e+03, 2.31594238e+03, 2.47898755e+03,
       2.42891919e+03, 2.95152075e+03, 2.43026538e+03, 2.83402319e+03,
       2.43067944e+03, 2.71538892e+03, 2.43166260e+03, 2.59732813e+03,
       2.43244922e+03, 2.47982764e+03, 2.54611890e+03, 2.95270239e+03,
       2.54649023e+03, 2.83379468e+03, 2.54760181e+03, 2.71669092e+03,
       2.54786743e+03, 2.59798462e+03, 2.54867529e+03, 2.48054517e+03,
       2.66342456e+03, 2.95413232e+03, 2.66319092e+03, 2.83435645e+03,
       2.66461279e+03, 2.71767944e+03, 2.66458594e+03, 2.59918604e+03,
       2.66470752e+03, 2.48132959e+03, 2.78050342e+03, 2.95499951e+03,
       2.78006128e+03, 2.83557739e+03, 2.78090283e+03, 2.71814868e+03,
       2.78076587e+03, 2.60000635e+03, 2.78090308e+03, 2.48230493e+03,
       2.89680420e+03, 2.95496289e+03, 2.89646094e+03, 2.83607764e+03,
       2.89651978e+03, 2.71832520e+03, 2.89625293e+03, 2.60042676e+03,
       2.89637598e+03, 2.48286841e+03 ]
   - [ 2.40004834e+03, 2.95313965e+03, 2.40066284e+03, 2.83411768e+03,
       2.40167407e+03, 2.71652100e+03, 2.40242407e+03, 2.59794507e+03,
       2.40361011e+03, 2.48054492e+03, 2.51721948e+03, 2.95447314e+03,
       2.51796997e+03, 2.83556372e+03, 2.51873120e+03, 2.71740161e+03,
       2.51929028e+03, 2.59916162e+03, 2.52056299e+03, 2.48187451e+03,
       2.63394092e+03, 2.95436401e+03, 2.63514648e+03, 2.83696118e+03,
       2.63526807e+03, 2.71803149e+03, 2.63603516e+03, 2.60046558e+03,
       2.63685522e+03, 2.48252368e+03, 2.75116968e+03, 2.95539355e+03,
       2.75144727e+03, 2.83688843e+03, 2.75238501e+03, 2.71964819e+03,
       2.75234546e+03, 2.60089551e+03, 2.75280591e+03, 2.48332935e+03,
       2.86877246e+03, 2.95739087e+03, 2.86813672e+03, 2.83774829e+03,
       2.86944434e+03, 2.72069482e+03, 2.86905054e+03, 2.60214380e+03,
       2.86895752e+03, 2.48404492e+03, 2.98586963e+03, 2.95845044e+03,
       2.98485938e+03, 2.83874609e+03, 2.98558325e+03, 2.72118652e+03,
       2.98527856e+03, 2.60324609e+03, 2.98527563e+03, 2.48520532e+03,
       3.10207959e+03, 2.95879419e+03, 3.10131958e+03, 2.83947559e+03,
       3.10137866e+03, 2.72160376e+03, 3.10102173e+03, 2.60370190e+03,
       3.10058179e+03, 2.48591382e+03 ]
   - [ 1.58613562e+03, 2.73881445e+03, 1.58812109e+03, 2.62067480e+03,
       1.58974890e+03, 2.50318921e+03, 1.59148291e+03, 2.38539185e+03,
       1.59339612e+03, 2.26819897e+03, 1.70357739e+03, 2.73990869e+03,
       1.70547388e+03, 2.62197363e+03, 1.70701599e+03, 2.50424512e+03,
       1.70861426e+03, 2.38640210e+03, 1.71011780e+03, 2.26978442e+03,
       1.82078052e+03, 2.73991040e+03, 1.82255396e+03, 2.62289087e+03,
       1.82395422e+03, 2.50475635e+03, 1.82548035e+03, 2.38768066e+03,
       1.82716724e+03, 2.27030444e+03, 1.93780420e+03, 2.74123853e+03,
       1.93944800e+03, 2.62294409e+03, 1.94066089e+03, 2.50645190e+03,
       1.94240894e+03, 2.38830786e+03, 1.94357495e+03, 2.27118433e+03,
       2.05509399e+03, 2.74264648e+03, 2.05612671e+03, 2.62386230e+03,
       2.05766333e+03, 2.50733911e+03, 2.05894800e+03, 2.38943774e+03,
       2.06001392e+03, 2.27205396e+03, 2.17205225e+03, 2.74354541e+03,
       2.17282275e+03, 2.62465503e+03, 2.17439746e+03, 2.50792529e+03,
       2.17512744e+03, 2.39047900e+03, 2.17617407e+03, 2.27315869e+03,
       2.28852075e+03, 2.74370972e+03, 2.28914990e+03, 2.62574658e+03,
       2.29035327e+03, 2.50830518e+03, 2.29104639e+03, 2.39107837e+03,
       2.29192603e+03, 2.27385547e+03 ]
   - [ 1.78882556e+03, 2.74086865e+03, 1.79052136e+03, 2.62273779e+03,
       1.79182678e+03, 2.50507788e+03, 1.79344910e+03, 2.38726782e+03,
       1.79508838e+03, 2.27053174e+03, 1.90619873e+03, 2.74186182e+03,
       1.90765601e+03, 2.62368311e+03, 1.90901990e+03, 2.50595435e+03,
       1.91035754e+03, 2.38835522e+03, 1.91171753e+03, 2.27147510e+03,
       2.02301941e+03, 2.74201416e+03, 2.02466150e+03, 2.62475562e+03,
