%YAML:1.0
---
points:
   - [ 1.58486304e+03, 2.47885938e+03, 1.70322693e+03, 2.47920874e+03,
       1.82093250e+03, 2.47892871e+03, 1.93838818e+03, 2.47953076e+03,
       2.05554956e+03, 2.48007397e+03, 2.17244141e+03, 2.48074487e+03,
       2.28890137e+03, 2.48126563e+03, 1.58230127e+03, 2.59819482e+03,
       1.70091528e+03, 2.59872168e+03, 1.81892480e+03, 2.59896606e+03,
       1.93667102e+03, 2.59911841e+03, 2.05409302e+03, 2.59970801e+03,
       2.17139136e+03, 2.60045044e+03, 2.28797900e+03, 2.60060791e+03,
       1.57921399e+03, 2.71930908e+03, 1.69828296e+03, 2.71941260e+03,
       1.81641064e+03, 2.71923022e+03, 1.93455505e+03, 2.71992163e+03,
       2.05250464e+03, 2.72031226e+03, 2.17011572e+03, 2.72084009e+03,
       2.28725562e+03, 2.72084839e+03, 1.57656165e+03, 2.84010791e+03,
       1.69570813e+03, 2.84034790e+03, 1.81381946e+03, 2.84048584e+03,
       1.93262915e+03, 2.83977539e+03, 2.05065576e+03, 2.84016138e+03,
       2.16848193e+03, 2.84056567e+03, 2.28598340e+03, 2.84106006e+03,
       1.57337354e+03, 2.96208594e+03, 1.69291260e+03, 2.96225854e+03,
       1.81180994e+03, 2.96099683e+03, 1.93037830e+03, 2.96141602e+03,
       2.04911646e+03, 2.96228125e+03, 2.16743237e+03, 2.96297876e+03,
       2.28526392e+03, 2.96261108e+03 ]
   - [ 1.78833289e+03, 2.47937451e+03, 1.90596716e+03, 2.48006128e+03,
       2.02335339e+03, 2.48021973e+03, 2.14022607e+03, 2.48052588e+03,
       2.25729004e+03, 2.48137622e+03, 2.37417896e+03, 2.48207080e+03,
       2.49055957e+03, 2.48287842e+03, 1.78625562e+03, 2.59911646e+03,
       1.90425171e+03, 2.59915381e+03, 2.02197656e+03, 2.59977783e+03,
       2.13924316e+03, 2.60013647e+03, 2.25653613e+03, 2.60104639e+03,
       2.37377686e+03, 2.60178418e+03, 2.49015088e+03, 2.60263672e+03,
       1.78392859e+03, 2.71948315e+03, 1.90218933e+03, 2.71973608e+03,
       2.02024146e+03, 2.71995190e+03, 2.13803931e+03, 2.72103174e+03,
       2.25572974e+03, 2.72173975e+03, 2.37330078e+03, 2.72232642e+03,
       2.48992065e+03, 2.72235962e+03, 1.78136267e+03, 2.84007324e+03,
       1.90017358e+03, 2.84139722e+03, 2.01832080e+03, 2.84139844e+03,
       2.13653906e+03, 2.84051978e+03, 2.25435205e+03, 2.84126050e+03,
       2.37213892e+03, 2.84183862e+03, 2.48954468e+03, 2.84288428e+03,
       1.77897388e+03, 2.96219409e+03, 1.89803796e+03, 2.96245581e+03,
       2.01655908e+03, 2.96155664e+03, 2.13511377e+03, 2.96238916e+03,
       2.25338281e+03, 2.96366577e+03, 2.37154004e+03, 2.96431177e+03,
       2.48910278e+03, 2.96450854e+03 ]
   - [ 1.99424878e+03, 2.48025171e+03, 2.11168921e+03, 2.48120264e+03,
       2.22885352e+03, 2.48146313e+03, 2.34583936e+03, 2.48207886e+03,
       2.46253174e+03, 2.48326440e+03, 2.57937476e+03, 2.48456323e+03,
       2.69574292e+03, 2.48541772e+03, 1.99220337e+03, 2.59954150e+03,
       2.11036938e+03, 2.60022437e+03, 2.22760010e+03, 2.60129810e+03,
       2.34502002e+03, 2.60171753e+03, 2.46234009e+03, 2.60297827e+03,
       2.57938062e+03, 2.60403833e+03, 2.69586768e+03, 2.60461377e+03,
       1.99086218e+03, 2.72025830e+03, 2.10876318e+03, 2.72087476e+03,
       2.22641602e+03, 2.72134546e+03, 2.34461938e+03, 2.72270435e+03,
       2.46217017e+03, 2.72386816e+03, 2.57945972e+03, 2.72445313e+03,
       2.69610645e+03, 2.72480298e+03, 1.98925598e+03, 2.84073608e+03,
       2.10744360e+03, 2.84175537e+03, 2.22554736e+03, 2.84269604e+03,
       2.34351831e+03, 2.84213794e+03, 2.46091699e+03, 2.84306055e+03,
       2.57876953e+03, 2.84404175e+03, 2.69626514e+03, 2.84507056e+03,
       1.98710657e+03, 2.96268286e+03, 2.10595752e+03, 2.96329175e+03,
       2.22395654e+03, 2.96281641e+03, 2.34256396e+03, 2.96375464e+03,
       2.46076782e+03, 2.96494409e+03, 2.57890430e+03, 2.96631055e+03,
       2.69624463e+03, 2.96622754e+03 ]
   - [ 2.19887573e+03, 2.48234937e+03, 2.31637134e+03, 2.48335547e+03,
       2.43348438e+03, 2.48433691e+03, 2.55036255e+03, 2.48531152e+03,
       2.66712451e+03, 2.48645850e+03, 2.78415527e+03, 2.48788916e+03,
       2.90057788e+03, 2.48897119e+03, 2.19763037e+03, 2.60157813e+03,
       2.31529468e+03, 2.60256445e+03, 2.43290942e+03, 2.60376709e+03,
       2.54989014e+03, 2.60465112e+03, 2.66745386e+03, 2.60619800e+03,
       2.78456177e+03, 2.60744629e+03, 2.90107227e+03, 2.60835718e+03,
       2.19676270e+03, 2.72233716e+03, 2.31457300e+03, 2.72333276e+03,
       2.43210718e+03, 2.72409985e+03, 2.54993945e+03, 2.72560010e+03,
       2.66790991e+03, 2.72688843e+03, 2.78522168e+03, 2.72773535e+03,
       2.90193701e+03, 2.72835205e+03, 2.19519482e+03, 2.84283862e+03,
       2.31373657e+03, 2.84403296e+03, 2.43183643e+03, 2.84532959e+03,
       2.54908984e+03, 2.84520630e+03, 2.66685620e+03, 2.84599756e+03,
       2.78484766e+03, 2.84755029e+03, 2.90242749e+03, 2.84843457e+03,
       2.19387988e+03, 2.96492505e+03, 2.31241455e+03, 2.96557593e+03,
       2.43056909e+03, 2.96567188e+03, 2.54893433e+03, 2.96691797e+03,
       2.66742358e+03, 2.96852100e+03, 2.78571704e+03, 2.96963184e+03,
       2.90326709e+03, 2.96988330e+03 ]
   - [ 2.40449341e+03, 2.48502173e+03, 2.52209033e+03, 2.48659082e+03,
       2.63909351e+03, 2.48757715e+03, 2.75585107e+03, 2.48881445e+03,
       2.87292896e+03, 2.49003809e+03, 2.99030981e+03, 2.49177246e+03,
       3.10680615e+03, 2.49308228e+03, 2.40348389e+03, 2.60435913e+03,
       2.52112061e+03, 2.60578540e+03, 2.63869434e+03, 2.60741138e+03,
       2.75591016e+03, 2.60824170e+03, 2.87362817e+03, 2.60998364e+03,
       2.99097827e+03, 2.61163281e+03, 3.10795435e+03, 2.61266040e+03,
       2.40288257e+03, 2.72523145e+03, 2.52084253e+03, 2.72627222e+03,
       2.63832056e+03, 2.72716797e+03, 2.75645264e+03, 2.72916626e+03,
       2.87460767e+03, 2.73065894e+03, 2.99192407e+03, 2.73163916e+03,
       3.10899146e+03, 2.73257813e+03, 2.40197412e+03, 2.84541699e+03,
       2.52031836e+03, 2.84697803e+03, 2.63855933e+03, 2.84859912e+03,
       2.75595947e+03, 2.84880762e+03, 2.87381714e+03, 2.85004370e+03,
       2.99178247e+03, 2.85147510e+03, 3.10956104e+03, 2.85266675e+03,
       2.40141138e+03, 2.96734106e+03, 2.51974951e+03, 2.96871362e+03,
       2.63764136e+03, 2.96871484e+03, 2.75607690e+03, 2.96997217e+03,
       2.87493848e+03, 2.97229126e+03, 2.99334082e+03, 2.97370215e+03,
       3.11090479e+03, 2.97441528e+03 ]
   - [ 1.59002771e+03, 2.27176001e+03, 1.70774451e+03, 2.27272461e+03,
       1.82556042e+03, 2.27274316e+03, 1.94254944e+03, 2.27326196e+03,
       2.05944458e+03, 2.27390308e+03, 2.17598584e+03, 2.27491187e+03,
       2.29209180e+03, 2.27563232e+03, 1.58732727e+03, 2.39057300e+03,
       1.70560925e+03, 2.39088037e+03, 1.82338635e+03, 2.39160645e+03,
       1.94104797e+03, 2.39181665e+03, 2.05818774e+03, 2.39268115e+03,
       2.17488818e+03, 2.39359570e+03, 2.29129541e+03, 2.39419580e+03,
       1.58472095e+03, 2.51037500e+03, 1.70330078e+03, 2.51065674e+03,
       1.82131519e+03, 2.51054077e+03, 1.93890857e+03, 2.51178467e+03,
       2.05667139e+03, 2.51235718e+03, 2.17408057e+03, 2.51277246e+03,
       2.29066699e+03, 2.51312012e+03, 1.58214636e+03, 2.63023682e+03,
       1.70098059e+03, 2.63069727e+03, 1.81930603e+03, 2.63093188e+03,
       1.93726245e+03, 2.63044653e+03, 2.05486182e+03, 2.63100317e+03,
       2.17238892e+03, 2.63158472e+03, 2.28949756e+03, 2.63261694e+03,
       1.57913074e+03, 2.75113867e+03, 1.69823425e+03, 2.75132178e+03,
       1.81686646e+03, 2.75055493e+03, 1.93512183e+03, 2.75131299e+03,
       2.05350659e+03, 2.75231323e+03, 2.17146240e+03, 2.75295117e+03,
       2.28886890e+03, 2.75298755e+03 ]
   - [ 1.79329041e+03, 2.27309839e+03, 1.91054602e+03, 2.27364404e+03,
       2.02763647e+03, 2.27385913e+03, 2.14454028e+03, 2.27472656e+03,
       2.26104297e+03, 2.27568018e+03, 2.37765356e+03, 2.27694604e+03,
       2.49377075e+03, 2.27762549e+03, 1.79112585e+03, 2.39132959e+03,
       1.90880994e+03, 2.39196680e+03, 2.02636597e+03, 2.39262988e+03,
       2.14338477e+03, 2.39339795e+03, 2.26050537e+03, 2.39428784e+03,
