%YAML:1.0
---
K: !!opencv-matrix
   rows: 3
   cols: 3
   dt: d
   data: [ 3.9631814874310612e+03, 0., 2.0488615408303663e+03, 0.,
       3.9610026449594220e+03, 1.6951599771686488e+03, 0., 0., 1. ]
D: !!opencv-matrix
   rows: 1
   cols: 5
   dt: d
   data: [ -5.1179123155454398e-01, 3.5060738827302190e-01,
       1.9082125823305213e-05, -2.3526294531042275e-03,
       -2.2204049382679186e-01 ]
board_width: 6
board_height: 8
square_size: 1.9999999552965164e-02
reprojection_error: 1.9288121537593295e-01
