%YAML:1.0
---
doFs:
   - !!opencv-matrix
      rows: 1
      cols: 6
      dt: f
      data: [ -2.25769550e-01, 5.98228304e-03, 7.62902915e-01,
          -2.14170944e-02, 1.15595511e-04, 1.90181389e-01 ]
   - !!opencv-matrix
      rows: 1
      cols: 6
      dt: f
      data: [ -1.76212072e-01, 6.47590123e-03, 7.63770819e-01,
          -2.20683925e-02, 2.59259739e-03, 1.85120955e-01 ]
   - !!opencv-matrix
      rows: 1
      cols: 6
      dt: f
      data: [ -1.26267195e-01, 6.88088639e-03, 7.64843702e-01,
          -2.21058652e-02, 3.18516046e-03, 1.79403454e-01 ]
   - !!opencv-matrix
      rows: 1
      cols: 6
      dt: f
      data: [ -7.65520632e-02, 7.35063385e-03, 7.65323639e-01,
          -2.19824966e-02, 2.09740922e-03, 1.73828244e-01 ]
   - !!opencv-matrix
      rows: 1
      cols: 6
      dt: f
      data: [ -2.61233263e-02, 7.91392382e-03, 7.66177058e-01,
          -2.16863509e-02, -5.37344627e-03, 1.67386010e-01 ]
   - !!opencv-matrix
      rows: 1
      cols: 6
      dt: f
      data: [ -2.24795476e-01, -4.38183732e-02, 7.62463093e-01,
          -1.99963525e-02, 3.90864350e-03, 1.94239184e-01 ]
   - !!opencv-matrix
      rows: 1
      cols: 6
      dt: f
      data: [ -1.75128177e-01, -4.32769246e-02, 7.62547076e-01,
          -2.00365651e-02, 9.85098165e-03, 1.90370366e-01 ]
   - !!opencv-matrix
      rows: 1
      cols: 6
      dt: f
      data: [ -1.25328243e-01, -4.29360121e-02, 7.63796449e-01,
          -2.04702076e-02, 1.06658991e-02, 1.81422040e-01 ]
   - !!opencv-matrix
      rows: 1
      cols: 6
      dt: f
      data: [ -7.57619739e-02, -4.25166786e-02, 7.64658511e-01,
          -2.08683349e-02, 9.05722193e-03, 1.71386540e-01 ]
   - !!opencv-matrix
      rows: 1
      cols: 6
      dt: f
      data: [ -2.54624952e-02, -4.20390368e-02, 7.66005695e-01,
          -2.14423258e-02, -3.73693975e-03, 1.59251302e-01 ]
   - !!opencv-matrix
      rows: 1
      cols: 6
      dt: f
      data: [ -2.23672941e-01, -9.42709520e-02, 7.61604726e-01,
          -1.75958686e-02, 7.41893426e-03, 2.01627433e-01 ]
   - !!opencv-matrix
      rows: 1
      cols: 6
      dt: f
      data: [ -1.74131319e-01, -9.37134475e-02, 7.62004972e-01,
          -1.78815331e-02, 1.34650711e-02, 1.96744561e-01 ]
   - !!opencv-matrix
      rows: 1
      cols: 6
      dt: f
      data: [ -1.24305956e-01, -9.33218077e-02, 7.62607336e-01,
          -1.75846480e-02, 1.93436965e-02, 1.89142928e-01 ]
   - !!opencv-matrix
      rows: 1
      cols: 6
      dt: f
      data: [ -7.48522505e-02, -9.29404795e-02, 7.63362050e-01,
          -1.76345631e-02, 2.19086874e-02, 1.79455727e-01 ]
   - !!opencv-matrix
      rows: 1
      cols: 6
      dt: f
      data: [ -2.47025844e-02, -9.25594866e-02, 7.64685452e-01,
          -1.91681422e-02, 1.16574187e-02, 1.63211897e-01 ]
   - !!opencv-matrix
      rows: 1
      cols: 6
      dt: f
      data: [ -2.22965837e-01, -1.44174397e-01, 7.60936558e-01,
          -1.57623664e-02, 9.64993425e-03, 2.08259329e-01 ]
   - !!opencv-matrix
      rows: 1
      cols: 6
      dt: f
      data: [ -1.73567474e-01, -1.43657297e-01, 7.61739254e-01,
          -1.55237745e-02, 1.57315731e-02, 2.07485214e-01 ]
   - !!opencv-matrix
      rows: 1
      cols: 6
      dt: f
      data: [ -1.23699553e-01, -1.43197596e-01, 7.61880100e-01,
          -1.43900914e-02, 2.33448241e-02, 2.05167755e-01 ]
   - !!opencv-matrix
      rows: 1
      cols: 6
      dt: f
      data: [ -7.42851496e-02, -1.42760247e-01, 7.62221932e-01,
          -1.38118891e-02, 2.91232485e-02, 2.00235605e-01 ]
   - !!opencv-matrix
      rows: 1
      cols: 6
      dt: f
      data: [ -2.43260544e-02, -1.42461956e-01, 7.63625562e-01,
          -1.43597070e-02, 2.75078658e-02, 1.94178417e-01 ]
   - !!opencv-matrix
      rows: 1
      cols: 6
      dt: f
      data: [ -2.22609356e-01, -1.93965763e-01, 7.60981619e-01,
          -1.41944056e-02, 8.35451670e-03, 2.18761638e-01 ]
   - !!opencv-matrix
      rows: 1
      cols: 6
      dt: f
      data: [ -1.73028231e-01, -1.93326384e-01, 7.61237204e-01,
          -1.35599058e-02, 1.54679725e-02, 2.19433993e-01 ]
   - !!opencv-matrix
      rows: 1
      cols: 6
      dt: f
      data: [ -1.23233981e-01, -1.92907900e-01, 7.61644185e-01,
          -1.16220526e-02, 2.34118961e-02, 2.23974779e-01 ]
   - !!opencv-matrix
      rows: 1
      cols: 6
      dt: f
      data: [ -7.38885179e-02, -1.92511782e-01, 7.62089252e-01,
          -1.04156286e-02, 3.03170681e-02, 2.29286134e-01 ]
   - !!opencv-matrix
      rows: 1
      cols: 6
      dt: f
      data: [ -2.39677504e-02, -1.92279890e-01, 7.63397574e-01,
          -1.30321914e-02, 2.21034959e-02, 2.33492836e-01 ]
rep_err: [ 3.56175900e-01, 3.63416761e-01, 3.89974922e-01,
    4.40750986e-01, 3.97311717e-01, 3.80936593e-01, 3.98611575e-01,
    4.70891356e-01, 5.09534419e-01, 5.52405298e-01, 4.61827487e-01,
    4.77514476e-01, 5.68238199e-01, 6.95679009e-01, 8.50013494e-01,
    4.86635000e-01, 5.30425072e-01, 6.58824742e-01, 8.14256370e-01,
    1.09602249e+00, 4.99220729e-01, 5.46367764e-01, 6.37223959e-01,
    8.67465317e-01, 1.09936225e+00 ]
