%YAML:1.0
---
jointDoFs:
   - !!opencv-matrix
      rows: 1
      cols: 6
      dt: f
      data: [ -1.01459675e-01, 9.93679687e-02, 7.63284266e-01,
          -1.96633227e-02, 4.81844414e-03, 1.93469748e-01 ]
   - !!opencv-matrix
      rows: 1
      cols: 6
      dt: f
      data: [ -5.17139360e-02, 9.98808295e-02, 7.63284266e-01,
          -1.96633227e-02, 4.81844414e-03, 1.93469748e-01 ]
   - !!opencv-matrix
      rows: 1
      cols: 6
      dt: f
      data: [ -1.60927325e-03, 1.00284755e-01, 7.63284266e-01,
          -1.96633227e-02, 4.81844414e-03, 1.93469748e-01 ]
   - !!opencv-matrix
      rows: 1
      cols: 6
      dt: f
      data: [ 4.80535477e-02, 1.00782216e-01, 7.63284266e-01,
          -1.96633227e-02, 4.81844414e-03, 1.93469748e-01 ]
   - !!opencv-matrix
      rows: 1
      cols: 6
      dt: f
      data: [ 9.83464271e-02, 1.01346418e-01, 7.63284266e-01,
          -1.96633227e-02, 4.81844414e-03, 1.93469748e-01 ]
   - !!opencv-matrix
      rows: 1
      cols: 6
      dt: f
      data: [ -1.00623153e-01, 4.95313853e-02, 7.63284266e-01,
          -1.96633227e-02, 4.81844414e-03, 1.93469748e-01 ]
   - !!opencv-matrix
      rows: 1
      cols: 6
      dt: f
      data: [ -5.09008095e-02, 5.00822328e-02, 7.63284266e-01,
          -1.96633227e-02, 4.81844414e-03, 1.93469748e-01 ]
   - !!opencv-matrix
      rows: 1
      cols: 6
      dt: f
      data: [ -8.41058791e-04, 5.05042635e-02, 7.63284266e-01,
          -1.96633227e-02, 4.81844414e-03, 1.93469748e-01 ]
   - !!opencv-matrix
      rows: 1
      cols: 6
      dt: f
      data: [ 4.87752333e-02, 5.10060824e-02, 7.63284266e-01,
          -1.96633227e-02, 4.81844414e-03, 1.93469748e-01 ]
   - !!opencv-matrix
      rows: 1
      cols: 6
      dt: f
      data: [ 9.90038216e-02, 5.15713394e-02, 7.63284266e-01,
          -1.96633227e-02, 4.81844414e-03, 1.93469748e-01 ]
   - !!opencv-matrix
      rows: 1
      cols: 6
      dt: f
      data: [ -9.97505561e-02, -1.03686750e-03, 7.63284266e-01,
          -1.96633227e-02, 4.81844414e-03, 1.93469748e-01 ]
   - !!opencv-matrix
      rows: 1
      cols: 6
      dt: f
      data: [ -5.00208512e-02, -4.51572239e-04, 7.63284266e-01,
          -1.96633227e-02, 4.81844414e-03, 1.93469748e-01 ]
   - !!opencv-matrix
      rows: 1
      cols: 6
      dt: f
      data: [ 0., 0., 7.63284266e-01, -1.96633227e-02, 4.81844414e-03,
          1.93469748e-01 ]
   - !!opencv-matrix
      rows: 1
      cols: 6
      dt: f
      data: [ 4.95760217e-02, 4.91648912e-04, 7.63284266e-01,
          -1.96633227e-02, 4.81844414e-03, 1.93469748e-01 ]
   - !!opencv-matrix
      rows: 1
      cols: 6
      dt: f
      data: [ 9.97304171e-02, 1.06718391e-03, 7.63284266e-01,
          -1.96633227e-02, 4.81844414e-03, 1.93469748e-01 ]
   - !!opencv-matrix
      rows: 1
      cols: 6
      dt: f
      data: [ -9.92401168e-02, -5.11825681e-02, 7.63284266e-01,
          -1.96633227e-02, 4.81844414e-03, 1.93469748e-01 ]
   - !!opencv-matrix
      rows: 1
      cols: 6
      dt: f
      data: [ -4.94945273e-02, -5.05378544e-02, 7.63284266e-01,
          -1.96633227e-02, 4.81844414e-03, 1.93469748e-01 ]
   - !!opencv-matrix
      rows: 1
      cols: 6
      dt: f
      data: [ 5.10297716e-04, -5.00598997e-02, 7.63284266e-01,
          -1.96633227e-02, 4.81844414e-03, 1.93469748e-01 ]
   - !!opencv-matrix
      rows: 1
      cols: 6
      dt: f
      data: [ 5.00517562e-02, -4.95731533e-02, 7.63284266e-01,
          -1.96633227e-02, 4.81844414e-03, 1.93469748e-01 ]
   - !!opencv-matrix
      rows: 1
      cols: 6
      dt: f
      data: [ 1.00136727e-01, -4.90069091e-02, 7.63284266e-01,
          -1.96633227e-02, 4.81844414e-03, 1.93469748e-01 ]
   - !!opencv-matrix
      rows: 1
      cols: 6
      dt: f
      data: [ -9.88493934e-02, -1.01132333e-01, 7.63284266e-01,
          -1.96633227e-02, 4.81844414e-03, 1.93469748e-01 ]
   - !!opencv-matrix
      rows: 1
      cols: 6
      dt: f
      data: [ -4.90697548e-02, -1.00450709e-01, 7.63284266e-01,
          -1.96633227e-02, 4.81844414e-03, 1.93469748e-01 ]
   - !!opencv-matrix
      rows: 1
      cols: 6
      dt: f
      data: [ 9.23193991e-04, -9.99313891e-02, 7.63284266e-01,
          -1.96633227e-02, 4.81844414e-03, 1.93469748e-01 ]
   - !!opencv-matrix
      rows: 1
      cols: 6
      dt: f
      data: [ 5.04456311e-02, -9.94425714e-02, 7.63284266e-01,
          -1.96633227e-02, 4.81844414e-03, 1.93469748e-01 ]
   - !!opencv-matrix
      rows: 1
      cols: 6
      dt: f
      data: [ 1.00461513e-01, -9.88986790e-02, 7.63284266e-01,
          -1.96633227e-02, 4.81844414e-03, 1.93469748e-01 ]
