%YAML:1.0
---
points:
   - [ 5.02543457e+02, 1.30550037e+03, 6.05588562e+02, 1.30346411e+03,
       7.08497559e+02, 1.30145642e+03, 8.11666321e+02, 1.29953210e+03,
       9.14149963e+02, 1.29729175e+03, 1.01655878e+03, 1.29550781e+03,
       1.11935938e+03, 1.29319604e+03, 1.22177979e+03, 1.29110803e+03,
       5.12540527e+02, 1.40717554e+03, 6.14922607e+02, 1.40510278e+03,
       7.17370728e+02, 1.40313416e+03, 8.19960571e+02, 1.40089368e+03,
       9.21802124e+02, 1.39884558e+03, 1.02390210e+03, 1.39666907e+03,
       1.12636926e+03, 1.39469214e+03, 1.22811218e+03, 1.39249390e+03,
       5.21667725e+02, 1.50779187e+03, 6.24269104e+02, 1.50596387e+03,
       7.26188354e+02, 1.50386926e+03, 8.28098755e+02, 1.50179932e+03,
       9.29671387e+02, 1.49965747e+03, 1.03099512e+03, 1.49748511e+03,
       1.13265112e+03, 1.49510547e+03, 1.23398621e+03, 1.49301611e+03,
       5.31937439e+02, 1.60757043e+03, 6.33543945e+02, 1.60536584e+03,
       7.34647522e+02, 1.60331262e+03, 8.36432190e+02, 1.60109619e+03,
       9.37060669e+02, 1.59895825e+03, 1.03824780e+03, 1.59679260e+03,
       1.13931738e+03, 1.59454395e+03, 1.24042407e+03, 1.59225085e+03,
       5.41111206e+02, 1.70613977e+03, 6.42594238e+02, 1.70406323e+03,
       7.43130310e+02, 1.70189868e+03, 8.44116028e+02, 1.69964001e+03,
       9.44969360e+02, 1.69764502e+03, 1.04515808e+03, 1.69543896e+03,
       1.14585168e+03, 1.69284570e+03, 1.24616699e+03, 1.69063684e+03,
       5.50546875e+02, 1.80360938e+03, 6.51540955e+02, 1.80167114e+03,
       7.51375793e+02, 1.79924548e+03, 8.52010315e+02, 1.79697998e+03,
       9.52442627e+02, 1.79510999e+03, 1.05199829e+03, 1.79267432e+03,
       1.15189954e+03, 1.79045300e+03, 1.25191357e+03, 1.78799866e+03 ]
   - [ 7.58903748e+02, 1.30818994e+03, 8.61508240e+02, 1.30639221e+03,
       9.64335205e+02, 1.30397583e+03, 1.06729797e+03, 1.30217090e+03,
       1.16980676e+03, 1.29981860e+03, 1.27215344e+03, 1.29760876e+03,
       1.37453320e+03, 1.29553015e+03, 1.47699207e+03, 1.29348071e+03,
       7.67469543e+02, 1.41001819e+03, 8.69773315e+02, 1.40758630e+03,
       9.71832703e+02, 1.40574121e+03, 1.07443066e+03, 1.40361096e+03,
       1.17639795e+03, 1.40136133e+03, 1.27807617e+03, 1.39915442e+03,
       1.37992493e+03, 1.39697864e+03, 1.48172107e+03, 1.39476868e+03,
       7.76010376e+02, 1.51058850e+03, 8.77735535e+02, 1.50856384e+03,
       9.79458557e+02, 1.50630920e+03, 1.08112195e+03, 1.50424988e+03,
       1.18268506e+03, 1.50199048e+03, 1.28403809e+03, 1.49983447e+03,
       1.38532214e+03, 1.49750134e+03, 1.48666040e+03, 1.49529614e+03,
       7.84279602e+02, 1.61013098e+03, 8.85819092e+02, 1.60791699e+03,
       9.86854309e+02, 1.60563269e+03, 1.08810339e+03, 1.60354297e+03,
       1.18921008e+03, 1.60144861e+03, 1.28977612e+03, 1.59926416e+03,
       1.39038660e+03, 1.59696631e+03, 1.49129651e+03, 1.59462134e+03,
       7.92985291e+02, 1.70891309e+03, 8.93567566e+02, 1.70677173e+03,
       9.93848816e+02, 1.70429053e+03, 1.09499854e+03, 1.70246265e+03,
       1.19519214e+03, 1.70011646e+03, 1.29563599e+03, 1.69764441e+03,
       1.39592554e+03, 1.69536670e+03, 1.49623022e+03, 1.69301965e+03,
       8.00818604e+02, 1.80645667e+03, 9.00885376e+02, 1.80395581e+03,
       1.00121741e+03, 1.80196130e+03, 1.10135754e+03, 1.79963599e+03,
       1.20154956e+03, 1.79732007e+03, 1.30144763e+03, 1.79512341e+03,
       1.40113977e+03, 1.79275586e+03, 1.50090527e+03, 1.79037683e+03 ]
   - [ 1.01648560e+03, 1.31022937e+03, 1.11947217e+03, 1.30842249e+03,
       1.22201709e+03, 1.30611108e+03, 1.32448096e+03, 1.30427771e+03,
       1.42707910e+03, 1.30199634e+03, 1.52933435e+03, 1.29990564e+03,
       1.63150928e+03, 1.29740894e+03, 1.73393213e+03, 1.29538086e+03,
       1.02396851e+03, 1.41193701e+03, 1.12614111e+03, 1.40969250e+03,
       1.22808948e+03, 1.40770520e+03, 1.33051172e+03, 1.40556641e+03,
       1.43237659e+03, 1.40339343e+03, 1.53395459e+03, 1.40135620e+03,
       1.63588037e+03, 1.39905542e+03, 1.73745850e+03, 1.39684814e+03,
       1.03082214e+03, 1.51270288e+03, 1.13295227e+03, 1.51066602e+03,
       1.23416846e+03, 1.50831482e+03, 1.33606567e+03, 1.50635364e+03,
       1.43718408e+03, 1.50403992e+03, 1.53841052e+03, 1.50187329e+03,
       1.63977710e+03, 1.49952405e+03, 1.74084656e+03, 1.49734851e+03,
       1.03802832e+03, 1.61210217e+03, 1.13967737e+03, 1.60988818e+03,
       1.24036816e+03, 1.60803149e+03, 1.34156274e+03, 1.60563220e+03,
       1.44234473e+03, 1.60345093e+03, 1.54273474e+03, 1.60133826e+03,
       1.64378235e+03, 1.59884851e+03, 1.74448547e+03, 1.59654675e+03,
       1.04510999e+03, 1.71073584e+03, 1.14601770e+03, 1.70874146e+03,
       1.24623816e+03, 1.70638489e+03, 1.34686548e+03, 1.70441724e+03,
       1.44729199e+03, 1.70205334e+03, 1.54730469e+03, 1.69961621e+03,
       1.64777515e+03, 1.69720850e+03, 1.74783069e+03, 1.69520642e+03,
       1.05218787e+03, 1.80824243e+03, 1.15275549e+03, 1.80612073e+03,
       1.25212549e+03, 1.80370691e+03, 1.35236487e+03, 1.80161743e+03,
       1.45217358e+03, 1.79941382e+03, 1.55174756e+03, 1.79716125e+03,
       1.65150110e+03, 1.79469592e+03, 1.75135474e+03, 1.79241931e+03 ]
   - [ 1.27193420e+03, 1.31264758e+03, 1.37456995e+03, 1.31059009e+03,
       1.47689844e+03, 1.30859863e+03, 1.57991443e+03, 1.30644043e+03,
       1.68229749e+03, 1.30422876e+03, 1.78421387e+03, 1.30204333e+03,
       1.88668469e+03, 1.29993066e+03, 1.98870544e+03, 1.29764417e+03,
       1.27794043e+03, 1.41458545e+03, 1.38001965e+03, 1.41216467e+03,
       1.48200378e+03, 1.41010913e+03, 1.58418835e+03, 1.40780566e+03,
       1.68602563e+03, 1.40580713e+03, 1.78753516e+03, 1.40367102e+03,
       1.88942151e+03, 1.40137878e+03, 1.99106702e+03, 1.39893298e+03,
       1.28364038e+03, 1.51505774e+03, 1.38558484e+03, 1.51304272e+03,
       1.48671167e+03, 1.51062500e+03, 1.58820251e+03, 1.50868445e+03,
       1.68971033e+03, 1.50644788e+03, 1.79088196e+03, 1.50422168e+03,
       1.89203589e+03, 1.50210950e+03, 1.99289685e+03, 1.49991260e+03,
       1.28950720e+03, 1.61470862e+03, 1.39074658e+03, 1.61236816e+03,
       1.49145215e+03, 1.61045520e+03, 1.59255896e+03, 1.60801086e+03,
       1.69323059e+03, 1.60609375e+03, 1.79389050e+03, 1.60374463e+03,
       1.89460864e+03, 1.60141760e+03, 1.99525781e+03, 1.59899182e+03,
       1.29558936e+03, 1.71326550e+03, 1.39604248e+03, 1.71105408e+03,
       1.49630017e+03, 1.70883411e+03, 1.59688879e+03, 1.70664270e+03,
       1.69724475e+03, 1.70452307e+03, 1.79709827e+03, 1.70235547e+03,
       1.89747253e+03, 1.69992529e+03, 1.99719165e+03, 1.69753003e+03,
       1.30082959e+03, 1.81054358e+03, 1.40124915e+03, 1.80831531e+03,
       1.50097144e+03, 1.80644580e+03, 1.60094604e+03, 1.80393860e+03,
       1.70075720e+03, 1.80170532e+03, 1.80001404e+03, 1.79965503e+03,
       1.90004028e+03, 1.79740393e+03, 1.99949817e+03, 1.79487244e+03 ]
   - [ 1.53070923e+03, 1.31534033e+03, 1.63335022e+03, 1.31351782e+03,
       1.73586768e+03, 1.31139209e+03, 1.83818140e+03, 1.30923853e+03,
       1.94077014e+03, 1.30728723e+03, 2.04259375e+03, 1.30471289e+03,
       2.14487793e+03, 1.30268811e+03, 2.24697778e+03, 1.30056787e+03,
       1.53538452e+03, 1.41724109e+03, 1.63739661e+03, 1.41497388e+03,
       1.73935583e+03, 1.41296680e+03, 1.84133093e+03, 1.41054102e+03,
       1.94309387e+03, 1.40868542e+03, 2.04455127e+03, 1.40657092e+03,
       2.14628101e+03, 1.40425330e+03, 2.24810376e+03, 1.40217810e+03,
       1.53988953e+03, 1.51780847e+03, 1.64147729e+03, 1.51570264e+03,
       1.74268457e+03, 1.51361548e+03, 1.84423987e+03, 1.51130652e+03,
       1.94530823e+03, 1.50915063e+03, 2.04643347e+03, 1.50723181e+03,
       2.14760645e+03, 1.50477905e+03, 2.24881250e+03, 1.50256274e+03,
       1.54434216e+03, 1.61725403e+03, 1.64526892e+03, 1.61529187e+03,
       1.74606653e+03, 1.61317834e+03, 1.84710034e+03, 1.61107800e+03,
       1.94780200e+03, 1.60862646e+03, 2.04813501e+03, 1.60646912e+03,
       2.14893262e+03, 1.60420435e+03, 2.24961206e+03, 1.60190271e+03,
