%YAML:1.0
---
K: !!opencv-matrix
   rows: 3
   cols: 3
   dt: d
   data: [ 3.9631829648668040e+03, 0., 2.0488626744327808e+03, 0.,
       3.9610039540895209e+03, 1.6951598011323101e+03, 0., 0., 1. ]
D: !!opencv-matrix
   rows: 1
   cols: 5
   dt: d
   data: [ -5.1179161548709229e-01, 3.5060977016129341e-01,
       1.9121456077227236e-05, -2.3527149957813806e-03,
       -2.2204546912128251e-01 ]
board_width: 6
board_height: 8
square_size: 20.
reprojection_error: 0.192882