%YAML:1.0
---
doFs:
   - !!opencv-matrix
      rows: 1
      cols: 6
      dt: f
      data: [ 3.45206231e-01, 1.94004759e-01, 7.93507934e-01,
          -9.30125266e-02, 3.04517001e-01, 3.79839629e-01 ]
   - !!opencv-matrix
      rows: 1
      cols: 6
      dt: f
      data: [ 3.49520266e-01, 7.22374916e-02, 8.02924454e-01,
          -5.75061068e-02, 3.83279979e-01, 4.96271819e-01 ]
   - !!opencv-matrix
      rows: 1
      cols: 6
      dt: f
      data: [ 2.28298753e-01, 2.25638568e-01, 7.67361522e-01,
          -7.83044323e-02, 2.11276382e-01, 3.95127684e-01 ]
   - !!opencv-matrix
      rows: 1
      cols: 6
      dt: f
      data: [ 2.84867108e-01, 2.29642510e-01, 7.78560638e-01,
          -8.96234214e-02, 2.47944400e-01, 3.73521239e-01 ]
   - !!opencv-matrix
      rows: 1
      cols: 6
      dt: f
      data: [ 3.43362451e-01, 2.33758718e-01, 7.89425015e-01,
          -9.98838246e-02, 2.76650578e-01, 3.49388897e-01 ]
   - !!opencv-matrix
      rows: 1
      cols: 6
      dt: f
      data: [ 1.22749798e-01, 1.81803375e-01, 7.53477037e-01,
          -4.84209508e-02, 1.37823939e-01, 4.61557239e-01 ]
   - !!opencv-matrix
      rows: 1
      cols: 6
      dt: f
      data: [ 1.75102651e-01, 1.83979079e-01, 7.60718405e-01,
          -6.07974231e-02, 1.86731085e-01, 4.47485983e-01 ]
   - !!opencv-matrix
      rows: 1
      cols: 6
      dt: f
      data: [ 2.29754165e-01, 1.86828122e-01, 7.70357966e-01,
          -7.25132823e-02, 2.32470095e-01, 4.29107904e-01 ]
   - !!opencv-matrix
      rows: 1
      cols: 6
      dt: f
      data: [ 2.86471367e-01, 1.90362245e-01, 7.81921744e-01,
          -8.26740786e-02, 2.71166146e-01, 4.05475795e-01 ]
   - !!opencv-matrix
      rows: 1
      cols: 6
      dt: f
      data: [ 1.23924464e-01, 1.43042102e-01, 7.56442845e-01,
          -4.34946455e-02, 1.49479002e-01, 5.00960231e-01 ]
   - !!opencv-matrix
      rows: 1
      cols: 6
      dt: f
      data: [ 3.45328718e-01, 1.94028750e-01, 7.93452501e-01,
          -9.29129422e-02, 3.04596007e-01, 3.79443914e-01 ]
   - !!opencv-matrix
      rows: 1
      cols: 6
      dt: f
      data: [ 1.23915374e-01, 1.43033937e-01, 7.56466925e-01,
          -4.33022492e-02, 1.49496704e-01, 5.00731289e-01 ]
   - !!opencv-matrix
      rows: 1
      cols: 6
      dt: f
      data: [ 1.76401749e-01, 1.44883081e-01, 7.63681710e-01,
          -5.41679487e-02, 2.02466384e-01, 4.86092657e-01 ]
   - !!opencv-matrix
      rows: 1
      cols: 6
      dt: f
      data: [ 2.31225222e-01, 1.47284001e-01, 7.73276150e-01,
          -6.42780587e-02, 2.51480490e-01, 4.67020422e-01 ]
   - !!opencv-matrix
      rows: 1
      cols: 6
      dt: f
      data: [ 2.87958711e-01, 1.50223747e-01, 7.85016119e-01,
          -7.34775737e-02, 2.94852406e-01, 4.42723572e-01 ]
   - !!opencv-matrix
      rows: 1
      cols: 6
      dt: f
      data: [ 3.47469747e-01, 1.53516263e-01, 7.98115671e-01,
          -8.30894485e-02, 3.34034562e-01, 4.14353311e-01 ]
   - !!opencv-matrix
      rows: 1
      cols: 6
      dt: f
      data: [ 1.24788605e-01, 1.04578957e-01, 7.59183466e-01,
          -3.77311110e-02, 1.60044283e-01, 5.41367173e-01 ]
   - !!opencv-matrix
      rows: 1
      cols: 6
      dt: f
      data: [ 1.77330509e-01, 1.06046021e-01, 7.66143024e-01,
          -4.64337543e-02, 2.17053384e-01, 5.27085245e-01 ]
   - !!opencv-matrix
      rows: 1
      cols: 6
      dt: f
      data: [ 2.32224852e-01, 1.07953854e-01, 7.75794744e-01,
          -5.51480390e-02, 2.70208657e-01, 5.07623613e-01 ]
   - !!opencv-matrix
      rows: 1
      cols: 6
      dt: f
      data: [ 2.88947225e-01, 1.10237449e-01, 7.87407696e-01,
          -6.25488833e-02, 3.16639543e-01, 4.82782722e-01 ]
   - !!opencv-matrix
      rows: 1
      cols: 6
      dt: f
      data: [ 1.76425710e-01, 1.44915685e-01, 7.63788521e-01,
          -5.43682463e-02, 2.02268288e-01, 4.85936731e-01 ]
   - !!opencv-matrix
      rows: 1
      cols: 6
      dt: f
      data: [ 3.48320216e-01, 1.12744905e-01, 8.00011694e-01,
          -7.10529312e-02, 3.59521031e-01, 4.54446524e-01 ]
   - !!opencv-matrix
      rows: 1
      cols: 6
      dt: f
      data: [ 1.25455946e-01, 6.62207827e-02, 7.61424839e-01,
          -3.12683955e-02, 1.70363232e-01, 5.84862530e-01 ]
   - !!opencv-matrix
      rows: 1
      cols: 6
      dt: f
      data: [ 1.78135931e-01, 6.73400685e-02, 7.68425822e-01,
          -3.78845111e-02, 2.31055215e-01, 5.69792509e-01 ]
   - !!opencv-matrix
      rows: 1
      cols: 6
      dt: f
      data: [ 2.33184949e-01, 6.87779188e-02, 7.78204262e-01,
          -4.45819087e-02, 2.87051052e-01, 5.50321460e-01 ]
   - !!opencv-matrix
      rows: 1
      cols: 6
      dt: f
      data: [ 2.89735556e-01, 7.03697652e-02, 7.89464533e-01,
          -5.00873402e-02, 3.36364567e-01, 5.26346266e-01 ]
   - !!opencv-matrix
      rows: 1
      cols: 6
      dt: f
      data: [ 3.49573255e-01, 7.22360238e-02, 8.02968442e-01,
          -5.76766282e-02, 3.83285969e-01, 4.96662855e-01 ]
   - !!opencv-matrix
      rows: 1
      cols: 6
      dt: f
      data: [ 2.28225991e-01, 2.25607619e-01, 7.67226636e-01,
          -7.82669112e-02, 2.11003855e-01, 3.95036548e-01 ]
   - !!opencv-matrix
      rows: 1
      cols: 6
      dt: f
      data: [ 2.84779012e-01, 2.29566991e-01, 7.78329253e-01,
          -8.97022784e-02, 2.47762606e-01, 3.73701066e-01 ]
   - !!opencv-matrix
      rows: 1
      cols: 6
      dt: f
      data: [ 2.31236041e-01, 1.47292301e-01, 7.73409545e-01,
          -6.44750223e-02, 2.51486599e-01, 4.66723084e-01 ]
   - !!opencv-matrix
      rows: 1
      cols: 6
      dt: f
      data: [ 3.43239486e-01, 2.33698592e-01, 7.89646506e-01,
          -9.98129174e-02, 2.77249485e-01, 3.50000352e-01 ]
   - !!opencv-matrix
      rows: 1
      cols: 6
      dt: f
      data: [ 1.22722983e-01, 1.81832939e-01, 7.53617704e-01,
          -4.85012718e-02, 1.37919381e-01, 4.61200804e-01 ]
   - !!opencv-matrix
      rows: 1
      cols: 6
      dt: f
      data: [ 1.75001800e-01, 1.83915377e-01, 7.60496795e-01,
          -6.07984662e-02, 1.86815366e-01, 4.47777420e-01 ]
   - !!opencv-matrix
      rows: 1
      cols: 6
      dt: f
      data: [ 2.29764774e-01, 1.86866909e-01, 7.70416260e-01,
          -7.25140795e-02, 2.32278690e-01, 4.29034650e-01 ]
   - !!opencv-matrix
      rows: 1
      cols: 6
      dt: f
      data: [ 2.86413908e-01, 1.90339267e-01, 7.81886220e-01,
          -8.25902745e-02, 2.70621717e-01, 4.05586362e-01 ]
   - !!opencv-matrix
      rows: 1
      cols: 6
      dt: f
      data: [ 3.45409274e-01, 1.94086954e-01, 7.93960571e-01,
          -9.28428471e-02, 3.05339128e-01, 3.78808409e-01 ]
   - !!opencv-matrix
      rows: 1
      cols: 6
      dt: f
      data: [ 1.23897076e-01, 1.43012106e-01, 7.56372929e-01,
          -4.32299152e-02, 1.49408579e-01, 5.00940084e-01 ]
   - !!opencv-matrix
      rows: 1
      cols: 6
      dt: f
      data: [ 1.76417425e-01, 1.44914255e-01, 7.63837874e-01,
          -5.42140827e-02, 2.02689618e-01, 4.85697180e-01 ]
   - !!opencv-matrix
      rows: 1
      cols: 6
      dt: f
      data: [ 2.31140271e-01, 1.47262260e-01, 7.73217797e-01,
          -6.42949566e-02, 2.51178205e-01, 4.67120349e-01 ]
   - !!opencv-matrix
      rows: 1
      cols: 6
      dt: f
      data: [ 2.87970454e-01, 1.50241479e-01, 7.85120487e-01,
          -7.33039603e-02, 2.94705391e-01, 4.42590833e-01 ]
   - !!opencv-matrix
      rows: 1
      cols: 6
      dt: f
      data: [ 3.11995327e-01, 1.61227375e-01, 8.50435019e-01,
          -3.18338323e+00, -2.69734561e-01, 6.59078538e-01 ]
   - !!opencv-matrix
      rows: 1
      cols: 6
      dt: f
      data: [ 3.47425342e-01, 1.53469175e-01, 7.97921181e-01,
          -8.32720622e-02, 3.32994670e-01, 4.14108694e-01 ]
   - !!opencv-matrix
      rows: 1
      cols: 6
      dt: f
      data: [ 1.24790773e-01, 1.04599155e-01, 7.59336412e-01,
          -3.77979130e-02, 1.60453320e-01, 5.41477382e-01 ]
   - !!opencv-matrix
      rows: 1
      cols: 6
      dt: f
