%YAML:1.0
---
doFs:
   - !!opencv-matrix
      rows: 1
      cols: 6
      dt: f
      data: [ -2.25787938e-01, 5.99316694e-03, 7.63139904e-01,
          -2.12949812e-02, 1.45510037e-03, 1.89869598e-01 ]
   - !!opencv-matrix
      rows: 1
      cols: 6
      dt: f
      data: [ -1.76238477e-01, 6.48774998e-03, 7.64007926e-01,
          -2.20083687e-02, 3.26271378e-03, 1.85031608e-01 ]
   - !!opencv-matrix
      rows: 1
      cols: 6
      dt: f
      data: [ -1.26243025e-01, 6.87939068e-03, 7.64812112e-01,
          -2.21355427e-02, 4.20498429e-03, 1.79371387e-01 ]
   - !!opencv-matrix
      rows: 1
      cols: 6
      dt: f
      data: [ -7.65790716e-02, 7.35668885e-03, 7.65713811e-01,
          -2.21456848e-02, 7.64434866e-04, 1.71282679e-01 ]
   - !!opencv-matrix
      rows: 1
      cols: 6
      dt: f
      data: [ -2.61245444e-02, 7.91647751e-03, 7.66186893e-01,
          -2.18686033e-02, -5.50802937e-03, 1.66557491e-01 ]
   - !!opencv-matrix
      rows: 1
      cols: 6
      dt: f
      data: [ -2.24771112e-01, -4.38087173e-02, 7.62580276e-01,
          -1.98364500e-02, 4.60466370e-03, 1.93430677e-01 ]
   - !!opencv-matrix
      rows: 1
      cols: 6
      dt: f
      data: [ -1.75263524e-01, -4.33085524e-02, 7.63340175e-01,
          -2.04828363e-02, 7.83428829e-03, 1.88156664e-01 ]
   - !!opencv-matrix
      rows: 1
      cols: 6
      dt: f
      data: [ -1.25332132e-01, -4.29348014e-02, 7.63913035e-01,
          -2.05036793e-02, 1.11588007e-02, 1.80457368e-01 ]
   - !!opencv-matrix
      rows: 1
      cols: 6
      dt: f
      data: [ -7.57895634e-02, -4.25272994e-02, 7.65019119e-01,
          -2.07194984e-02, 9.64908302e-03, 1.69748351e-01 ]
   - !!opencv-matrix
      rows: 1
      cols: 6
      dt: f
      data: [ -2.54646130e-02, -4.20295708e-02, 7.65920699e-01,
          -2.11869795e-02, -3.57923593e-04, 1.58070683e-01 ]
   - !!opencv-matrix
      rows: 1
      cols: 6
      dt: f
      data: [ -2.23765701e-01, -9.42879915e-02, 7.62109816e-01,
          -1.80152562e-02, 7.41711119e-03, 1.99093074e-01 ]
   - !!opencv-matrix
      rows: 1
      cols: 6
      dt: f
      data: [ -1.74232081e-01, -9.37514752e-02, 7.62615979e-01,
          -1.81417428e-02, 1.21296356e-02, 1.96070120e-01 ]
   - !!opencv-matrix
      rows: 1
      cols: 6
      dt: f
      data: [ -1.24346033e-01, -9.33435261e-02, 7.62968600e-01,
          -1.77658107e-02, 1.79681536e-02, 1.89484030e-01 ]
   - !!opencv-matrix
      rows: 1
      cols: 6
      dt: f
      data: [ -7.48957172e-02, -9.29701552e-02, 7.63785124e-01,
          -1.77457016e-02, 2.05486659e-02, 1.77788273e-01 ]
   - !!opencv-matrix
      rows: 1
      cols: 6
      dt: f
      data: [ -2.47266870e-02, -9.25775021e-02, 7.65062153e-01,
          -1.93091147e-02, 8.59673508e-03, 1.63490757e-01 ]
   - !!opencv-matrix
      rows: 1
      cols: 6
      dt: f
      data: [ -2.23068103e-01, -1.44195646e-01, 7.61485159e-01,
          -1.58521961e-02, 9.77261178e-03, 2.07684800e-01 ]
   - !!opencv-matrix
      rows: 1
      cols: 6
      dt: f
      data: [ -1.73522070e-01, -1.43601254e-01, 7.61750877e-01,
          -1.55809242e-02, 1.57769509e-02, 2.06257418e-01 ]
   - !!opencv-matrix
      rows: 1
      cols: 6
      dt: f
      data: [ -1.23713657e-01, -1.43194512e-01, 7.62159586e-01,
          -1.47309005e-02, 2.24726349e-02, 2.04725146e-01 ]
   - !!opencv-matrix
      rows: 1
      cols: 6
      dt: f
      data: [ -7.43182749e-02, -1.42780408e-01, 7.62541711e-01,
          -1.34886736e-02, 2.98364144e-02, 2.00534210e-01 ]
   - !!opencv-matrix
      rows: 1
      cols: 6
      dt: f
      data: [ -2.43308730e-02, -1.42498150e-01, 7.63992906e-01,
          -1.50182685e-02, 2.33876109e-02, 1.94018036e-01 ]
   - !!opencv-matrix
      rows: 1
      cols: 6
      dt: f
      data: [ -2.22643256e-01, -1.93965316e-01, 7.61374891e-01,
          -1.44169172e-02, 8.92626867e-03, 2.15936765e-01 ]
   - !!opencv-matrix
      rows: 1
      cols: 6
      dt: f
      data: [ -1.73039481e-01, -1.93310082e-01, 7.61504412e-01,
          -1.35364467e-02, 1.55717088e-02, 2.17807442e-01 ]
   - !!opencv-matrix
      rows: 1
      cols: 6
      dt: f
      data: [ -1.23310335e-01, -1.92964464e-01, 7.62209773e-01,
          -1.23780007e-02, 2.19385196e-02, 2.21259221e-01 ]
   - !!opencv-matrix
      rows: 1
      cols: 6
      dt: f
      data: [ -7.39133656e-02, -1.92534551e-01, 7.62453079e-01,
          -1.05999354e-02, 2.96756960e-02, 2.25970194e-01 ]
   - !!opencv-matrix
      rows: 1
      cols: 6
      dt: f
      data: [ -2.39850320e-02, -1.92350045e-01, 7.63977468e-01,
          -1.36055434e-02, 1.91889349e-02, 2.32556999e-01 ]
rep_err: [ 2.86973327e-01, 3.23328286e-01, 3.43395323e-01,
    3.69916707e-01, 3.95765752e-01, 3.45817417e-01, 3.78248364e-01,
    4.43393379e-01, 4.90183800e-01, 5.51031530e-01, 3.82672548e-01,
    4.53733295e-01, 5.52191615e-01, 6.54662192e-01, 8.10859919e-01,
    4.13341403e-01, 4.96042252e-01, 6.14729226e-01, 8.05920422e-01,
    1.05238664e+00, 4.38069552e-01, 5.11726677e-01, 6.26598656e-01,
    8.19436729e-01, 1.03620422e+00 ]
