%YAML:1.0
---
jointDoFs:
   - !!opencv-matrix
      rows: 1
      cols: 6
      dt: f
      data: [ -1.01001106e-01, 9.94599611e-02, 7.62113869e-01,
          -1.94835663e-02, 6.21477095e-03, 1.93044886e-01 ]
   - !!opencv-matrix
      rows: 1
      cols: 6
      dt: f
      data: [ -5.15192673e-02, 9.99457091e-02, 7.63006389e-01,
          -1.94835663e-02, 6.21477095e-03, 1.93044886e-01 ]
   - !!opencv-matrix
      rows: 1
      cols: 6
      dt: f
      data: [ -1.58401579e-03, 1.00328095e-01, 7.63752997e-01,
          -1.94835663e-02, 6.21477095e-03, 1.93044886e-01 ]
   - !!opencv-matrix
      rows: 1
      cols: 6
      dt: f
      data: [ 4.80367988e-02, 1.00822411e-01, 7.64283955e-01,
          -1.94835663e-02, 6.21477095e-03, 1.93044886e-01 ]
   - !!opencv-matrix
      rows: 1
      cols: 6
      dt: f
      data: [ 9.83845368e-02, 1.01391666e-01, 7.64741004e-01,
          -1.94835663e-02, 6.21477095e-03, 1.93044886e-01 ]
   - !!opencv-matrix
      rows: 1
      cols: 6
      dt: f
      data: [ -1.00231908e-01, 4.96661328e-02, 7.62409627e-01,
          -1.94835663e-02, 6.21477095e-03, 1.93044886e-01 ]
   - !!opencv-matrix
      rows: 1
      cols: 6
      dt: f
      data: [ -5.07336184e-02, 5.01544550e-02, 7.63134062e-01,
          -1.94835663e-02, 6.21477095e-03, 1.93044886e-01 ]
   - !!opencv-matrix
      rows: 1
      cols: 6
      dt: f
      data: [ -8.36022198e-04, 5.05293868e-02, 7.63867021e-01,
          -1.94835663e-02, 6.21477095e-03, 1.93044886e-01 ]
   - !!opencv-matrix
      rows: 1
      cols: 6
      dt: f
      data: [ 4.87596989e-02, 5.09928986e-02, 7.64390230e-01,
          -1.94835663e-02, 6.21477095e-03, 1.93044886e-01 ]
   - !!opencv-matrix
      rows: 1
      cols: 6
      dt: f
      data: [ 9.90397334e-02, 5.15318178e-02, 7.64835894e-01,
          -1.94835663e-02, 6.21477095e-03, 1.93044886e-01 ]
   - !!opencv-matrix
      rows: 1
      cols: 6
      dt: f
      data: [ -9.93681774e-02, -8.62739980e-04, 7.62459099e-01,
          -1.94835663e-02, 6.21477095e-03, 1.93044886e-01 ]
   - !!opencv-matrix
      rows: 1
      cols: 6
      dt: f
      data: [ -4.98797670e-02, -3.60757113e-04, 7.63262749e-01,
          -1.94835663e-02, 6.21477095e-03, 1.93044886e-01 ]
   - !!opencv-matrix
      rows: 1
      cols: 6
      dt: f
      data: [ 0., 0., 7.63993502e-01, -1.94835663e-02, 6.21477095e-03,
          1.93044886e-01 ]
   - !!opencv-matrix
      rows: 1
      cols: 6
      dt: f
      data: [ 4.95751351e-02, 4.41357493e-04, 7.64345527e-01,
          -1.94835663e-02, 6.21477095e-03, 1.93044886e-01 ]
   - !!opencv-matrix
      rows: 1
      cols: 6
      dt: f
      data: [ 9.97748673e-02, 9.67472792e-04, 7.64725983e-01,
          -1.94835663e-02, 6.21477095e-03, 1.93044886e-01 ]
   - !!opencv-matrix
      rows: 1
      cols: 6
      dt: f
      data: [ -9.87515077e-02, -5.08761033e-02, 7.62161434e-01,
          -1.94835663e-02, 6.21477095e-03, 1.93044886e-01 ]
   - !!opencv-matrix
      rows: 1
      cols: 6
      dt: f
      data: [ -4.93061170e-02, -5.03909811e-02, 7.63097107e-01,
          -1.94835663e-02, 6.21477095e-03, 1.93044886e-01 ]
   - !!opencv-matrix
      rows: 1
      cols: 6
      dt: f
      data: [ 5.73575497e-04, -5.00219986e-02, 7.63694525e-01,
          -1.94835663e-02, 6.21477095e-03, 1.93044886e-01 ]
   - !!opencv-matrix
      rows: 1
      cols: 6
      dt: f
      data: [ 5.00883013e-02, -4.96112183e-02, 7.64082134e-01,
          -1.94835663e-02, 6.21477095e-03, 1.93044886e-01 ]
   - !!opencv-matrix
      rows: 1
      cols: 6
      dt: f
      data: [ 1.00197956e-01, -4.91157249e-02, 7.64444232e-01,
          -1.94835663e-02, 6.21477095e-03, 1.93044886e-01 ]
   - !!opencv-matrix
      rows: 1
      cols: 6
      dt: f
      data: [ -9.82232615e-02, -1.00599460e-01, 7.61699438e-01,
          -1.94835663e-02, 6.21477095e-03, 1.93044886e-01 ]
   - !!opencv-matrix
      rows: 1
      cols: 6
      dt: f
      data: [ -4.87854406e-02, -1.00162767e-01, 7.62695789e-01,
          -1.94835663e-02, 6.21477095e-03, 1.93044886e-01 ]
   - !!opencv-matrix
      rows: 1
      cols: 6
      dt: f
      data: [ 1.04542822e-03, -9.98132601e-02, 7.63384819e-01,
          -1.94835663e-02, 6.21477095e-03, 1.93044886e-01 ]
   - !!opencv-matrix
      rows: 1
      cols: 6
      dt: f
      data: [ 5.05248383e-02, -9.94101390e-02, 7.63732076e-01,
          -1.94835663e-02, 6.21477095e-03, 1.93044886e-01 ]
   - !!opencv-matrix
      rows: 1
      cols: 6
      dt: f
      data: [ 1.00544870e-01, -9.89395753e-02, 7.64030457e-01,
          -1.94835663e-02, 6.21477095e-03, 1.93044886e-01 ]
