%YAML:1.0
---
object_points:
   - [ 0., 0., 0., 1.99999996e-02, 0., 0., 3.99999991e-02, 0., 0.,
       5.99999987e-02, 0., 0., 7.99999982e-02, 0., 0., 9.99999940e-02,
       0., 0., 1.19999997e-01, 0., 0., 1.40000001e-01, 0., 0., 0.,
       1.99999996e-02, 0., 1.99999996e-02, 1.99999996e-02, 0.,
       3.99999991e-02, 1.99999996e-02, 0., 5.99999987e-02,
       1.99999996e-02, 0., 7.99999982e-02, 1.99999996e-02, 0.,
       9.99999940e-02, 1.99999996e-02, 0., 1.19999997e-01,
       1.99999996e-02, 0., 1.40000001e-01, 1.99999996e-02, 0., 0.,
       3.99999991e-02, 0., 1.99999996e-02, 3.99999991e-02, 0.,
       3.99999991e-02, 3.99999991e-02, 0., 5.99999987e-02,
       3.99999991e-02, 0., 7.99999982e-02, 3.99999991e-02, 0.,
       9.99999940e-02, 3.99999991e-02, 0., 1.19999997e-01,
       3.99999991e-02, 0., 1.40000001e-01, 3.99999991e-02, 0., 0.,
       5.99999987e-02, 0., 1.99999996e-02, 5.99999987e-02, 0.,
       3.99999991e-02, 5.99999987e-02, 0., 5.99999987e-02,
       5.99999987e-02, 0., 7.99999982e-02, 5.99999987e-02, 0.,
       9.99999940e-02, 5.99999987e-02, 0., 1.19999997e-01,
       5.99999987e-02, 0., 1.40000001e-01, 5.99999987e-02, 0., 0.,
       7.99999982e-02, 0., 1.99999996e-02, 7.99999982e-02, 0.,
       3.99999991e-02, 7.99999982e-02, 0., 5.99999987e-02,
       7.99999982e-02, 0., 7.99999982e-02, 7.99999982e-02, 0.,
       9.99999940e-02, 7.99999982e-02, 0., 1.19999997e-01,
       7.99999982e-02, 0., 1.40000001e-01, 7.99999982e-02, 0., 0.,
       9.99999940e-02, 0., 1.99999996e-02, 9.99999940e-02, 0.,
       3.99999991e-02, 9.99999940e-02, 0., 5.99999987e-02,
       9.99999940e-02, 0., 7.99999982e-02, 9.99999940e-02, 0.,
       9.99999940e-02, 9.99999940e-02, 0., 1.19999997e-01,
       9.99999940e-02, 0., 1.40000001e-01, 9.99999940e-02, 0. ]
   - [ 0., 0., 0., 1.99999996e-02, 0., 0., 3.99999991e-02, 0., 0.,
       5.99999987e-02, 0., 0., 7.99999982e-02, 0., 0., 9.99999940e-02,
       0., 0., 1.19999997e-01, 0., 0., 1.40000001e-01, 0., 0., 0.,
       1.99999996e-02, 0., 1.99999996e-02, 1.99999996e-02, 0.,
       3.99999991e-02, 1.99999996e-02, 0., 5.99999987e-02,
       1.99999996e-02, 0., 7.99999982e-02, 1.99999996e-02, 0.,
       9.99999940e-02, 1.99999996e-02, 0., 1.19999997e-01,
       1.99999996e-02, 0., 1.40000001e-01, 1.99999996e-02, 0., 0.,
       3.99999991e-02, 0., 1.99999996e-02, 3.99999991e-02, 0.,
       3.99999991e-02, 3.99999991e-02, 0., 5.99999987e-02,
       3.99999991e-02, 0., 7.99999982e-02, 3.99999991e-02, 0.,
       9.99999940e-02, 3.99999991e-02, 0., 1.19999997e-01,
       3.99999991e-02, 0., 1.40000001e-01, 3.99999991e-02, 0., 0.,
       5.99999987e-02, 0., 1.99999996e-02, 5.99999987e-02, 0.,
       3.99999991e-02, 5.99999987e-02, 0., 5.99999987e-02,
       5.99999987e-02, 0., 7.99999982e-02, 5.99999987e-02, 0.,
       9.99999940e-02, 5.99999987e-02, 0., 1.19999997e-01,
       5.99999987e-02, 0., 1.40000001e-01, 5.99999987e-02, 0., 0.,
       7.99999982e-02, 0., 1.99999996e-02, 7.99999982e-02, 0.,
       3.99999991e-02, 7.99999982e-02, 0., 5.99999987e-02,
       7.99999982e-02, 0., 7.99999982e-02, 7.99999982e-02, 0.,
       9.99999940e-02, 7.99999982e-02, 0., 1.19999997e-01,
       7.99999982e-02, 0., 1.40000001e-01, 7.99999982e-02, 0., 0.,
       9.99999940e-02, 0., 1.99999996e-02, 9.99999940e-02, 0.,
       3.99999991e-02, 9.99999940e-02, 0., 5.99999987e-02,
       9.99999940e-02, 0., 7.99999982e-02, 9.99999940e-02, 0.,
       9.99999940e-02, 9.99999940e-02, 0., 1.19999997e-01,
       9.99999940e-02, 0., 1.40000001e-01, 9.99999940e-02, 0. ]
   - [ 0., 0., 0., 1.99999996e-02, 0., 0., 3.99999991e-02, 0., 0.,
       5.99999987e-02, 0., 0., 7.99999982e-02, 0., 0., 9.99999940e-02,
       0., 0., 1.19999997e-01, 0., 0., 1.40000001e-01, 0., 0., 0.,
       1.99999996e-02, 0., 1.99999996e-02, 1.99999996e-02, 0.,
       3.99999991e-02, 1.99999996e-02, 0., 5.99999987e-02,
       1.99999996e-02, 0., 7.99999982e-02, 1.99999996e-02, 0.,
       9.99999940e-02, 1.99999996e-02, 0., 1.19999997e-01,
       1.99999996e-02, 0., 1.40000001e-01, 1.99999996e-02, 0., 0.,
       3.99999991e-02, 0., 1.99999996e-02, 3.99999991e-02, 0.,
       3.99999991e-02, 3.99999991e-02, 0., 5.99999987e-02,
       3.99999991e-02, 0., 7.99999982e-02, 3.99999991e-02, 0.,
       9.99999940e-02, 3.99999991e-02, 0., 1.19999997e-01,
       3.99999991e-02, 0., 1.40000001e-01, 3.99999991e-02, 0., 0.,
       5.99999987e-02, 0., 1.99999996e-02, 5.99999987e-02, 0.,
       3.99999991e-02, 5.99999987e-02, 0., 5.99999987e-02,
       5.99999987e-02, 0., 7.99999982e-02, 5.99999987e-02, 0.,
       9.99999940e-02, 5.99999987e-02, 0., 1.19999997e-01,
       5.99999987e-02, 0., 1.40000001e-01, 5.99999987e-02, 0., 0.,
       7.99999982e-02, 0., 1.99999996e-02, 7.99999982e-02, 0.,
       3.99999991e-02, 7.99999982e-02, 0., 5.99999987e-02,
       7.99999982e-02, 0., 7.99999982e-02, 7.99999982e-02, 0.,
       9.99999940e-02, 7.99999982e-02, 0., 1.19999997e-01,
       7.99999982e-02, 0., 1.40000001e-01, 7.99999982e-02, 0., 0.,
       9.99999940e-02, 0., 1.99999996e-02, 9.99999940e-02, 0.,
       3.99999991e-02, 9.99999940e-02, 0., 5.99999987e-02,
       9.99999940e-02, 0., 7.99999982e-02, 9.99999940e-02, 0.,
       9.99999940e-02, 9.99999940e-02, 0., 1.19999997e-01,
       9.99999940e-02, 0., 1.40000001e-01, 9.99999940e-02, 0. ]
   - [ 0., 0., 0., 1.99999996e-02, 0., 0., 3.99999991e-02, 0., 0.,
       5.99999987e-02, 0., 0., 7.99999982e-02, 0., 0., 9.99999940e-02,
       0., 0., 1.19999997e-01, 0., 0., 1.40000001e-01, 0., 0., 0.,
       1.99999996e-02, 0., 1.99999996e-02, 1.99999996e-02, 0.,
       3.99999991e-02, 1.99999996e-02, 0., 5.99999987e-02,
       1.99999996e-02, 0., 7.99999982e-02, 1.99999996e-02, 0.,
       9.99999940e-02, 1.99999996e-02, 0., 1.19999997e-01,
       1.99999996e-02, 0., 1.40000001e-01, 1.99999996e-02, 0., 0.,
       3.99999991e-02, 0., 1.99999996e-02, 3.99999991e-02, 0.,
       3.99999991e-02, 3.99999991e-02, 0., 5.99999987e-02,
       3.99999991e-02, 0., 7.99999982e-02, 3.99999991e-02, 0.,
       9.99999940e-02, 3.99999991e-02, 0., 1.19999997e-01,
       3.99999991e-02, 0., 1.40000001e-01, 3.99999991e-02, 0., 0.,
       5.99999987e-02, 0., 1.99999996e-02, 5.99999987e-02, 0.,
       3.99999991e-02, 5.99999987e-02, 0., 5.99999987e-02,
       5.99999987e-02, 0., 7.99999982e-02, 5.99999987e-02, 0.,
       9.99999940e-02, 5.99999987e-02, 0., 1.19999997e-01,
       5.99999987e-02, 0., 1.40000001e-01, 5.99999987e-02, 0., 0.,
       7.99999982e-02, 0., 1.99999996e-02, 7.99999982e-02, 0.,
       3.99999991e-02, 7.99999982e-02, 0., 5.99999987e-02,
       7.99999982e-02, 0., 7.99999982e-02, 7.99999982e-02, 0.,
       9.99999940e-02, 7.99999982e-02, 0., 1.19999997e-01,
       7.99999982e-02, 0., 1.40000001e-01, 7.99999982e-02, 0., 0.,
       9.99999940e-02, 0., 1.99999996e-02, 9.99999940e-02, 0.,
       3.99999991e-02, 9.99999940e-02, 0., 5.99999987e-02,
       9.99999940e-02, 0., 7.99999982e-02, 9.99999940e-02, 0.,
       9.99999940e-02, 9.99999940e-02, 0., 1.19999997e-01,
       9.99999940e-02, 0., 1.40000001e-01, 9.99999940e-02, 0. ]
   - [ 0., 0., 0., 1.99999996e-02, 0., 0., 3.99999991e-02, 0., 0.,
       5.99999987e-02, 0., 0., 7.99999982e-02, 0., 0., 9.99999940e-02,
       0., 0., 1.19999997e-01, 0., 0., 1.40000001e-01, 0., 0., 0.,
       1.99999996e-02, 0., 1.99999996e-02, 1.99999996e-02, 0.,
       3.99999991e-02, 1.99999996e-02, 0., 5.99999987e-02,
       1.99999996e-02, 0., 7.99999982e-02, 1.99999996e-02, 0.,
       9.99999940e-02, 1.99999996e-02, 0., 1.19999997e-01,
       1.99999996e-02, 0., 1.40000001e-01, 1.99999996e-02, 0., 0.,
       3.99999991e-02, 0., 1.99999996e-02, 3.99999991e-02, 0.,
       3.99999991e-02, 3.99999991e-02, 0., 5.99999987e-02,
       3.99999991e-02, 0., 7.99999982e-02, 3.99999991e-02, 0.,
       9.99999940e-02, 3.99999991e-02, 0., 1.19999997e-01,
       3.99999991e-02, 0., 1.40000001e-01, 3.99999991e-02, 0., 0.,
       5.99999987e-02, 0., 1.99999996e-02, 5.99999987e-02, 0.,
