%YAML:1.0
---
points:
   - [ 5.02969727e+02, 1.30557837e+03, 6.06040588e+02, 1.30357532e+03,
       7.08908020e+02, 1.30149792e+03, 8.11802429e+02, 1.29960364e+03,
       9.14479675e+02, 1.29753455e+03, 1.01687756e+03, 1.29547607e+03,
       1.11955518e+03, 1.29333313e+03, 1.22206714e+03, 1.29116028e+03,
       5.12980896e+02, 1.40723254e+03, 6.15470337e+02, 1.40524854e+03,
       7.17668640e+02, 1.40309253e+03, 8.20150696e+02, 1.40110779e+03,
       9.22211853e+02, 1.39900293e+03, 1.02416492e+03, 1.39683252e+03,
       1.12625903e+03, 1.39467615e+03, 1.22820483e+03, 1.39250037e+03,
       5.22644165e+02, 1.50791028e+03, 6.24672241e+02, 1.50586890e+03,
       7.26426636e+02, 1.50386890e+03, 8.28315979e+02, 1.50169299e+03,
       9.29824219e+02, 1.49955811e+03, 1.03120154e+03, 1.49750696e+03,
       1.13282458e+03, 1.49513745e+03, 1.23429089e+03, 1.49295728e+03,
       5.32377319e+02, 1.60754712e+03, 6.33848816e+02, 1.60534619e+03,
       7.34911072e+02, 1.60323950e+03, 8.36420654e+02, 1.60112085e+03,
       9.37443481e+02, 1.59897070e+03, 1.03827893e+03, 1.59677808e+03,
       1.13934009e+03, 1.59454089e+03, 1.24022473e+03, 1.59225256e+03,
       5.42031677e+02, 1.70614075e+03, 6.42934570e+02, 1.70407202e+03,
       7.43541199e+02, 1.70181104e+03, 8.44273376e+02, 1.69967834e+03,
       9.44971497e+02, 1.69761255e+03, 1.04530762e+03, 1.69531104e+03,
       1.14576587e+03, 1.69304749e+03, 1.24620593e+03, 1.69075476e+03,
       5.51387817e+02, 1.80362439e+03, 6.51900635e+02, 1.80152466e+03,
       7.51953064e+02, 1.79940259e+03, 8.52310974e+02, 1.79706799e+03,
       9.52342773e+02, 1.79502441e+03, 1.05220532e+03, 1.79266064e+03,
       1.15219409e+03, 1.79038037e+03, 1.25199573e+03, 1.78804187e+03 ]
   - [ 7.59104675e+02, 1.30844287e+03, 8.62004944e+02, 1.30636511e+03,
       9.64716553e+02, 1.30416235e+03, 1.06739197e+03, 1.30209937e+03,
       1.16987708e+03, 1.30002637e+03, 1.27222034e+03, 1.29786243e+03,
       1.37467175e+03, 1.29561023e+03, 1.47695667e+03, 1.29349084e+03,
       7.67755981e+02, 1.40992749e+03, 8.70118652e+02, 1.40787158e+03,
       9.72130371e+02, 1.40575977e+03, 1.07439050e+03, 1.40364417e+03,
       1.17641809e+03, 1.40147559e+03, 1.27814099e+03, 1.39928796e+03,
       1.38016211e+03, 1.39700842e+03, 1.48195313e+03, 1.39480688e+03,
       7.76091614e+02, 1.51067004e+03, 8.78030518e+02, 1.50856885e+03,
       9.79558777e+02, 1.50643164e+03, 1.08135803e+03, 1.50424170e+03,
       1.18292249e+03, 1.50208191e+03, 1.28405713e+03, 1.49992725e+03,
       1.38540283e+03, 1.49758716e+03, 1.48678625e+03, 1.49530371e+03,
       7.84600281e+02, 1.61014014e+03, 8.85950989e+02, 1.60801343e+03,
       9.87014404e+02, 1.60584937e+03, 1.08821411e+03, 1.60360364e+03,
       1.18913123e+03, 1.60156848e+03, 1.28979700e+03, 1.59914636e+03,
       1.39073157e+03, 1.59684509e+03, 1.49154297e+03, 1.59455249e+03,
       7.92845032e+02, 1.70872839e+03, 8.93717896e+02, 1.70660620e+03,
       9.94281677e+02, 1.70448157e+03, 1.09496411e+03, 1.70221545e+03,
       1.19533105e+03, 1.69998901e+03, 1.29558411e+03, 1.69785156e+03,
       1.39599719e+03, 1.69549219e+03, 1.49614709e+03, 1.69312720e+03,
       8.01288269e+02, 1.80626343e+03, 9.01495239e+02, 1.80406458e+03,
       1.00147302e+03, 1.80180640e+03, 1.10164905e+03, 1.79958472e+03,
       1.20165479e+03, 1.79738440e+03, 1.30129712e+03, 1.79513794e+03,
       1.40101831e+03, 1.79270471e+03, 1.50068799e+03, 1.79032715e+03 ]
   - [ 1.01682458e+03, 1.31031348e+03, 1.11953052e+03, 1.30835632e+03,
       1.22203381e+03, 1.30618164e+03, 1.32472388e+03, 1.30410974e+03,
       1.42714685e+03, 1.30195227e+03, 1.52929041e+03, 1.29973315e+03,
       1.63166797e+03, 1.29763770e+03, 1.73388477e+03, 1.29532288e+03,
       1.02411926e+03, 1.41198132e+03, 1.12629700e+03, 1.40976721e+03,
       1.22827722e+03, 1.40762451e+03, 1.33038269e+03, 1.40551599e+03,
       1.43229871e+03, 1.40351685e+03, 1.53392676e+03, 1.40120044e+03,
       1.63580139e+03, 1.39907678e+03, 1.73749939e+03, 1.39673352e+03,
       1.03120850e+03, 1.51272742e+03, 1.13292346e+03, 1.51058801e+03,
       1.23432483e+03, 1.50841589e+03, 1.33603955e+03, 1.50621814e+03,
       1.43742725e+03, 1.50398120e+03, 1.53845642e+03, 1.50180261e+03,
       1.63990002e+03, 1.49957434e+03, 1.74104297e+03, 1.49718970e+03,
       1.03842053e+03, 1.61213489e+03, 1.13953955e+03, 1.60995300e+03,
       1.24038513e+03, 1.60783667e+03, 1.34148901e+03, 1.60560168e+03,
       1.44235095e+03, 1.60346936e+03, 1.54296790e+03, 1.60114185e+03,
       1.64377185e+03, 1.59888159e+03, 1.74449036e+03, 1.59654138e+03,
       1.04547632e+03, 1.71081433e+03, 1.14612048e+03, 1.70869727e+03,
       1.24638574e+03, 1.70639807e+03, 1.34700598e+03, 1.70423474e+03,
       1.44736292e+03, 1.70191516e+03, 1.54744897e+03, 1.69980383e+03,
       1.64775085e+03, 1.69738416e+03, 1.74785022e+03, 1.69505408e+03,
       1.05237708e+03, 1.80815942e+03, 1.15251245e+03, 1.80601025e+03,
       1.25237842e+03, 1.80392358e+03, 1.35241235e+03, 1.80156873e+03,
       1.45218970e+03, 1.79934790e+03, 1.55179724e+03, 1.79699133e+03,
       1.65162610e+03, 1.79463940e+03, 1.75130115e+03, 1.79233728e+03 ]
   - [ 1.27217798e+03, 1.31278711e+03, 1.37468518e+03, 1.31065698e+03,
       1.47727368e+03, 1.30851233e+03, 1.57980225e+03, 1.30651978e+03,
       1.68214917e+03, 1.30436572e+03, 1.78426550e+03, 1.30223486e+03,
       1.88655981e+03, 1.29999854e+03, 1.98868884e+03, 1.29775623e+03,
       1.27805347e+03, 1.41445789e+03, 1.38022021e+03, 1.41217859e+03,
       1.48198682e+03, 1.41016821e+03, 1.58417200e+03, 1.40799146e+03,
       1.68597546e+03, 1.40588159e+03, 1.78755920e+03, 1.40365308e+03,
       1.88936267e+03, 1.40140442e+03, 1.99095862e+03, 1.39916345e+03,
       1.28375403e+03, 1.51510071e+03, 1.38551172e+03, 1.51297668e+03,
       1.48696191e+03, 1.51073999e+03, 1.58851282e+03, 1.50862781e+03,
       1.68979907e+03, 1.50645862e+03, 1.79072717e+03, 1.50431531e+03,
       1.89205420e+03, 1.50199121e+03, 1.99325208e+03, 1.49965125e+03,
       1.28968567e+03, 1.61458069e+03, 1.39075793e+03, 1.61242175e+03,
       1.49166528e+03, 1.61035046e+03, 1.59262317e+03, 1.60795898e+03,
       1.69352930e+03, 1.60590527e+03, 1.79387573e+03, 1.60363464e+03,
       1.89469189e+03, 1.60134290e+03, 1.99538025e+03, 1.59899792e+03,
       1.29542310e+03, 1.71324341e+03, 1.39603418e+03, 1.71108105e+03,
       1.49633496e+03, 1.70895947e+03, 1.59682971e+03, 1.70665979e+03,
       1.69712085e+03, 1.70451843e+03, 1.79714819e+03, 1.70226099e+03,
       1.89741003e+03, 1.69988989e+03, 1.99741687e+03, 1.69764026e+03,
       1.30111731e+03, 1.81073889e+03, 1.40107507e+03, 1.80845984e+03,
       1.50095325e+03, 1.80634985e+03, 1.60098059e+03, 1.80408557e+03,
       1.70077881e+03, 1.80194202e+03, 1.80022595e+03, 1.79957239e+03,
       1.89996924e+03, 1.79721033e+03, 1.99957678e+03, 1.79488599e+03 ]
   - [ 1.53075122e+03, 1.31545264e+03, 1.63326355e+03, 1.31347498e+03,
       1.73568945e+03, 1.31129773e+03, 1.83829456e+03, 1.30922156e+03,
       1.94055566e+03, 1.30714014e+03, 2.04259387e+03, 1.30496106e+03,
       2.14481714e+03, 1.30269336e+03, 2.24685742e+03, 1.30058362e+03,
       1.53534277e+03, 1.41707971e+03, 1.63744250e+03, 1.41502417e+03,
       1.73925000e+03, 1.41281104e+03, 1.84126978e+03, 1.41071594e+03,
       1.94301953e+03, 1.40872205e+03, 2.04452002e+03, 1.40652466e+03,
       2.14618701e+03, 1.40432104e+03, 2.24780762e+03, 1.40203308e+03,
       1.53983179e+03, 1.51783301e+03, 1.64142346e+03, 1.51574597e+03,
       1.74272791e+03, 1.51362415e+03, 1.84421533e+03, 1.51150610e+03,
       1.94547290e+03, 1.50936072e+03, 2.04644812e+03, 1.50716357e+03,
       2.14757153e+03, 1.50483093e+03, 2.24875342e+03, 1.50258435e+03,
       1.54431494e+03, 1.61740076e+03, 1.64530396e+03, 1.61528796e+03,
       1.74617944e+03, 1.61312842e+03, 1.84712854e+03, 1.61091418e+03,
       1.94783313e+03, 1.60877283e+03, 2.04821118e+03, 1.60650549e+03,
       2.14896729e+03, 1.60417664e+03, 2.24939917e+03, 1.60193152e+03,
